01.02  (87,251)
01.04  (87,551)
01.06  (87,851)
01.10  (87,1451)
01.12  (87,1751)
01.14  (87,2051)
01.16  (87,2351)
01.18  (87,2651)
02.01  (174,101)
02.03  (174,401)
02.05  (174,701)
02.07  (174,1001)
02.09  (174,1301)
02.11  (174,1601)
02.13  (174,1901)
02.15  (174,2201)
02.17  (174,2501)
02.19  (174,2801)
03.02  (261,251)
03.04  (261,551)
03.06  (261,851)
03.08  (261,1151)
03.10  (261,1451)
03.12  (261,1751)
03.14  (261,2051)
03.16  (261,2351)
03.18  (261,2651)
03.20  (261,2951)
04.01  (348,101)
04.03  (348,401)
04.05  (348,701)
04.07  (348,1001)
04.09  (348,1301)
04.11  (348,1601)
04.13  (348,1901)
04.15  (348,2201)
04.17  (348,2501)
04.19  (348,2801)
04.21  (348,3101)
04.23  (392,3388)
05.02  (435,251)
05.04  (435,551)
05.06  (435,851)
05.08  (435,1151)
05.10  (435,1451)
05.12  (435,1751)
05.14  (435,2051)
05.16  (435,2351)
05.18  (435,2651)
05.20  (435,2951)
05.22  (435,3251)
05.24  (459,3533)
06.01  (522,101)
06.03  (522,401)
06.05  (522,701)
06.07  (522,1001)
06.09  (522,1301)
06.11  (522,1601)
06.13  (522,1901)
06.15  (522,2201)
06.17  (522,2501)
06.19  (522,2801)
06.21  (522,3101)
06.23  (522,3401)
06.25  (522,3701)
07.02  (609,251)
07.04  (609,551)
07.06  (609,851)
07.08  (609,1151)
07.10  (609,1451)
07.12  (609,1751)
07.14  (609,2051)
07.16  (609,2351)
07.18  (609,2651)
07.20  (609,2951)
07.22  (609,3251)
07.24  (609,3551)
07.26  (609,3851)
08.01  (696,101)
08.03  (696,401)
08.05  (696,701)
08.07  (696,1001)
08.09  (696,1301)
08.11  (696,1601)
08.13  (696,1901)
08.15  (696,2201)
08.17  (696,2501)
08.19  (696,2801)
08.21  (696,3101)
08.23  (696,3401)
08.25  (696,3701)
09.02  (783,251)
09.04  (783,551)
09.06  (783,851)
09.08  (783,1151)
09.10  (783,1451)
09.12  (783,1751)
09.14  (783,2051)
09.16  (783,2351)
09.18  (783,2651)
09.20  (783,2951)
09.22  (783,3251)
09.24  (783,3551)
09.26  (783,3851)
10.01  (870,101)
10.03  (870,401)
10.05  (870,701)
10.07  (870,1001)
10.09  (870,1301)
10.11  (870,1601)
10.13  (870,1901)
10.15  (870,2201)
10.17  (870,2501)
10.19  (870,2801)
10.21  (870,3101)
10.23  (870,3401)
10.25  (870,3701)
10.27  (870,4001)
11.02  (957,251)
11.04  (957,551)
11.06  (957,851)
11.08  (957,1151)
11.10  (957,1451)
11.12  (957,1751)
11.14  (957,2051)
11.16  (957,2351)
11.18  (957,2651)
11.20  (957,2951)
11.22  (957,3251)
11.24  (957,3551)
11.26  (957,3851)
11.28  (976,4141)
11.32  (919,4733)
12.01  (1044,101)
12.03  (1044,401)
12.05  (1044,701)
12.07  (1044,1001)
12.09  (1044,1301)
12.11  (1044,1601)
12.13  (1044,1901)
12.15  (1044,2201)
12.17  (1044,2501)
12.19  (1044,2801)
12.21  (1044,3101)
12.23  (1044,3401)
12.25  (1044,3701)
12.27  (1044,4001)
12.29  (1063,4279)
13.02  (1131,251)
13.04  (1131,551)
13.06  (1131,851)
13.08  (1131,1151)
13.10  (1131,1451)
13.12  (1131,1751)
13.14  (1131,2051)
13.16  (1131,2351)
13.18  (1131,2651)
13.20  (1131,2951)
13.22  (1131,3251)
13.24  (1131,3551)
13.26  (1131,3851)
13.28  (1131,4151)
13.30  (1131,4451)
13.32  (1115,4791)
14.01  (1218,101)
14.03  (1218,401)
14.05  (1218,701)
14.07  (1218,1001)
14.09  (1218,1301)
14.11  (1218,1601)
14.13  (1218,1901)
14.15  (1218,2201)
14.17  (1218,2501)
14.19  (1218,2801)
14.21  (1218,3101)
14.23  (1218,3401)
14.25  (1218,3701)
14.27  (1218,4001)
14.29  (1218,4301)
14.31  (1218,4601)
14.33  (1224,4873)
15.02  (1305,251)
15.04  (1305,551)
15.06  (1305,851)
15.08  (1305,1151)
15.10  (1305,1451)
15.12  (1305,1751)
15.14  (1305,2051)
15.16  (1305,2351)
15.18  (1305,2651)
15.20  (1305,2951)
15.22  (1305,3251)
15.24  (1305,3551)
15.26  (1305,3851)
15.28  (1305,4151)
15.30  (1305,4451)
15.32  (1305,4751)
15.34  (1322,5028)
16.01  (1392,101)
16.03  (1392,401)
16.05  (1392,701)
16.07  (1392,1001)
16.09  (1392,1301)
16.11  (1392,1601)
16.13  (1392,1901)
16.15  (1392,2201)
16.17  (1392,2501)
16.19  (1392,2801)
16.21  (1392,3101)
16.23  (1392,3401)
16.25  (1392,3701)
16.27  (1392,4001)
16.29  (1392,4301)
16.31  (1392,4601)
16.33  (1392,4901)
17.02  (1479,251)
17.04  (1479,551)
17.06  (1479,851)
17.08  (1479,1151)
17.10  (1479,1451)
17.12  (1479,1751)
17.14  (1479,2051)
17.16  (1479,2351)
17.18  (1479,2651)
17.20  (1479,2951)
17.22  (1479,3251)
17.24  (1479,3551)
17.26  (1479,3851)
17.28  (1479,4151)
17.30  (1479,4451)
17.32  (1479,4751)
17.34  (1479,5051)
18.01  (1566,101)
18.03  (1566,401)
18.05  (1566,701)
18.07  (1566,1001)
18.09  (1566,1301)
18.11  (1566,1601)
18.13  (1566,1901)
18.15  (1566,2201)
18.17  (1566,2501)
18.19  (1566,2801)
18.21  (1566,3101)
18.23  (1566,3401)
18.25  (1566,3701)
18.27  (1566,4001)
18.29  (1566,4301)
18.31  (1566,4601)
18.33  (1566,4901)
19.02  (1653,251)
19.04  (1653,551)
19.06  (1653,851)
19.08  (1653,1151)
19.10  (1653,1451)
19.12  (1653,1751)
19.14  (1653,2051)
19.16  (1653,2351)
19.18  (1653,2651)
19.20  (1653,2951)
19.22  (1653,3251)
19.24  (1653,3551)
19.26  (1653,3851)
19.28  (1653,4151)
19.30  (1653,4451)
19.32  (1653,4751)
19.34  (1653,5051)
20.01  (1740,101)
20.03  (1740,401)
20.05  (1740,701)
20.07  (1740,1001)
20.09  (1740,1301)
20.11  (1740,1601)
20.13  (1740,1901)
20.15  (1740,2201)
20.17  (1740,2501)
20.19  (1740,2801)
20.21  (1740,3101)
20.23  (1740,3401)
20.25  (1740,3701)
20.27  (1740,4001)
20.29  (1740,4301)
20.31  (1740,4601)
20.33  (1740,4901)
21.02  (1827,251)
21.04  (1827,551)
21.06  (1827,851)
21.08  (1827,1151)
21.10  (1827,1451)
21.12  (1827,1751)
21.14  (1827,2051)
21.16  (1827,2351)
21.18  (1827,2651)
21.20  (1827,2951)
21.22  (1827,3251)
21.24  (1827,3551)
21.26  (1827,3851)
21.28  (1827,4151)
21.30  (1827,4451)
21.32  (1827,4751)
21.34  (1827,5051)
22.01  (1914,101)
22.03  (1914,401)
22.05  (1914,701)
22.07  (1914,1001)
22.09  (1914,1301)
22.11  (1914,1601)
22.13  (1914,1901)
22.15  (1914,2201)
22.17  (1914,2501)
22.19  (1914,2801)
22.21  (1914,3101)
22.23  (1914,3401)
22.25  (1914,3701)
22.27  (1914,4001)
22.29  (1914,4301)
22.31  (1914,4601)
22.33  (1914,4901)
23.02  (2001,251)
23.04  (2001,551)
23.06  (2001,851)
23.08  (2001,1151)
23.10  (2001,1451)
23.12  (2001,1751)
23.14  (2001,2051)
23.16  (2001,2351)
23.18  (2001,2651)
23.20  (2001,2951)
23.22  (2001,3251)
23.24  (2001,3551)
23.26  (2001,3851)
23.28  (2001,4151)
23.30  (2001,4451)
23.32  (2001,4751)
23.34  (2001,5051)
24.01  (2088,101)
24.03  (2088,401)
24.05  (2088,701)
24.07  (2088,1001)
24.09  (2088,1301)
24.11  (2088,1601)
24.13  (2088,1901)
24.15  (2088,2201)
24.17  (2088,2501)
24.19  (2088,2801)
24.21  (2088,3101)
24.23  (2088,3401)
24.25  (2088,3701)
24.27  (2088,4001)
24.29  (2088,4301)
24.31  (2088,4601)
24.33  (2088,4901)
25.02  (2175,251)
25.04  (2175,551)
25.06  (2175,851)
25.08  (2175,1151)
25.10  (2175,1451)
25.12  (2175,1751)
25.14  (2175,2051)
25.16  (2175,2351)
25.18  (2175,2651)
25.20  (2175,2951)
25.22  (2175,3251)
25.24  (2175,3551)
25.26  (2175,3851)
25.28  (2175,4151)
25.30  (2175,4451)
25.32  (2175,4751)
25.34  (2175,5051)
26.01  (2262,101)
26.03  (2262,401)
26.05  (2262,701)
26.07  (2262,1001)
26.09  (2262,1301)
26.11  (2262,1601)
26.13  (2262,1901)
26.15  (2262,2201)
26.17  (2262,2501)
26.19  (2262,2801)
26.21  (2262,3101)
26.23  (2262,3401)
26.25  (2262,3701)
26.27  (2262,4001)
26.29  (2262,4301)
26.31  (2262,4601)
26.33  (2262,4901)
27.02  (2349,251)
27.04  (2349,551)
27.06  (2349,851)
27.08  (2349,1151)
27.10  (2349,1451)
27.12  (2349,1751)
27.14  (2349,2051)
27.16  (2349,2351)
27.18  (2349,2651)
27.20  (2349,2951)
27.22  (2349,3251)
27.24  (2349,3551)
27.26  (2349,3851)
27.28  (2349,4151)
27.30  (2349,4451)
27.32  (2349,4751)
27.34  (2349,5051)
28.01  (2436,101)
28.03  (2436,401)
28.05  (2436,701)
28.07  (2436,1001)
28.09  (2436,1301)
28.11  (2436,1601)
28.13  (2436,1901)
28.15  (2436,2201)
28.17  (2436,2501)
28.19  (2436,2801)
28.21  (2436,3101)
28.23  (2436,3401)
28.25  (2436,3701)
28.27  (2436,4001)
28.29  (2436,4301)
28.31  (2436,4601)
28.33  (2436,4901)
29.02  (2523,251)
29.04  (2523,551)
29.06  (2523,851)
29.08  (2523,1151)
29.10  (2523,1451)
29.12  (2523,1751)
29.14  (2523,2051)
29.16  (2523,2351)
29.18  (2523,2651)
29.20  (2523,2951)
29.22  (2523,3251)
29.24  (2523,3551)
29.26  (2523,3851)
29.28  (2523,4151)
29.30  (2523,4451)
29.32  (2523,4751)
29.34  (2523,5051)
30.01  (2610,101)
30.03  (2610,401)
30.05  (2610,701)
30.07  (2610,1001)
30.09  (2610,1301)
30.11  (2610,1601)
30.13  (2610,1901)
30.15  (2610,2201)
30.17  (2610,2501)
30.19  (2610,2801)
30.21  (2610,3101)
30.23  (2610,3401)
30.25  (2610,3701)
30.27  (2610,4001)
30.29  (2610,4301)
30.31  (2610,4601)
30.33  (2610,4901)
31.02  (2697,251)
31.04  (2697,551)
31.06  (2697,851)
31.08  (2697,1151)
31.10  (2697,1451)
31.12  (2697,1751)
31.14  (2697,2051)
31.16  (2697,2351)
31.18  (2697,2651)
31.20  (2697,2951)
31.22  (2697,3251)
31.24  (2697,3551)
31.26  (2697,3851)
31.28  (2697,4151)
31.30  (2697,4451)
31.32  (2697,4751)
31.34  (2697,5051)
32.01  (2784,101)
32.03  (2784,401)
32.05  (2784,701)
32.07  (2784,1001)
32.09  (2784,1301)
32.11  (2784,1601)
32.13  (2784,1901)
32.15  (2784,2201)
32.17  (2784,2501)
32.19  (2784,2801)
32.21  (2784,3101)
32.23  (2784,3401)
32.25  (2784,3701)
32.27  (2784,4001)
32.29  (2784,4301)
32.31  (2784,4601)
32.33  (2784,4901)
33.02  (2871,251)
33.04  (2871,551)
33.06  (2871,851)
33.08  (2871,1151)
33.10  (2871,1451)
33.12  (2871,1751)
33.14  (2871,2051)
33.16  (2871,2351)
33.18  (2871,2651)
33.20  (2871,2951)
33.22  (2871,3251)
33.24  (2871,3551)
33.26  (2871,3851)
33.28  (2871,4151)
33.30  (2871,4451)
33.32  (2871,4751)
33.34  (2871,5051)
34.01  (2958,101)
34.03  (2958,401)
34.05  (2958,701)
34.07  (2958,1001)
34.09  (2958,1301)
34.11  (2958,1601)
34.13  (2958,1901)
34.15  (2958,2201)
34.17  (2958,2501)
34.19  (2958,2801)
34.21  (2958,3101)
34.23  (2958,3401)
34.25  (2958,3701)
34.27  (2958,4001)
34.29  (2958,4301)
34.31  (2958,4601)
34.33  (2958,4901)
35.02  (3045,251)
35.04  (3045,551)
35.06  (3045,851)
35.08  (3045,1151)
35.10  (3045,1451)
35.12  (3045,1751)
35.14  (3045,2051)
35.16  (3045,2351)
35.18  (3045,2651)
35.20  (3045,2951)
35.22  (3045,3251)
35.24  (3045,3551)
35.26  (3045,3851)
35.28  (3045,4151)
35.30  (3045,4451)
35.32  (3045,4751)
35.34  (3045,5051)
36.01  (3132,101)
36.03  (3132,401)
36.05  (3132,701)
36.07  (3132,1001)
36.09  (3132,1301)
36.11  (3132,1601)
36.13  (3132,1901)
36.15  (3132,2201)
36.17  (3132,2501)
36.19  (3132,2801)
36.21  (3132,3101)
36.23  (3132,3401)
36.25  (3132,3701)
36.27  (3132,4001)
36.29  (3132,4301)
36.31  (3132,4601)
36.33  (3132,4901)
37.02  (3219,251)
37.04  (3219,551)
37.06  (3219,851)
37.08  (3219,1151)
37.10  (3219,1451)
37.12  (3219,1751)
37.14  (3219,2051)
37.16  (3219,2351)
37.18  (3219,2651)
37.20  (3219,2951)
37.22  (3219,3251)
37.24  (3219,3551)
37.26  (3219,3851)
37.28  (3219,4151)
37.30  (3219,4451)
37.32  (3219,4751)
37.34  (3219,5051)
38.01  (3306,101)
38.03  (3306,401)
38.05  (3306,701)
38.07  (3306,1001)
38.09  (3306,1301)
38.11  (3306,1601)
38.13  (3306,1901)
38.15  (3306,2201)
38.17  (3306,2501)
38.19  (3306,2801)
38.21  (3306,3101)
38.23  (3306,3401)
38.25  (3306,3701)
38.27  (3306,4001)
38.29  (3306,4301)
38.31  (3306,4601)
38.33  (3306,4901)
39.02  (3393,251)
39.04  (3393,551)
39.06  (3393,851)
39.08  (3393,1151)
39.10  (3393,1451)
39.12  (3393,1751)
39.14  (3393,2051)
39.16  (3393,2351)
39.18  (3393,2651)
39.20  (3393,2951)
39.22  (3393,3251)
39.24  (3393,3551)
39.26  (3393,3851)
39.28  (3393,4151)
39.30  (3393,4451)
39.32  (3393,4751)
39.34  (3393,5051)
40.01  (3480,101)
40.03  (3480,401)
40.05  (3480,701)
40.07  (3480,1001)
40.09  (3480,1301)
40.11  (3480,1601)
40.13  (3480,1901)
40.15  (3480,2201)
40.17  (3480,2501)
40.19  (3480,2801)
40.21  (3480,3101)
40.23  (3480,3401)
40.25  (3480,3701)
40.27  (3480,4001)
40.29  (3480,4301)
40.31  (3480,4601)
40.33  (3480,4901)
41.02  (3567,251)
41.04  (3567,551)
41.06  (3567,851)
41.08  (3567,1151)
41.10  (3567,1451)
41.12  (3567,1751)
41.14  (3567,2051)
41.16  (3567,2351)
41.18  (3567,2651)
41.20  (3567,2951)
41.22  (3567,3251)
41.24  (3567,3551)
41.26  (3567,3851)
41.28  (3567,4151)
41.30  (3567,4451)
41.32  (3567,4751)
41.34  (3567,5051)
42.01  (3654,101)
42.03  (3654,401)
42.05  (3654,701)
42.07  (3654,1001)
42.09  (3654,1301)
42.11  (3654,1601)
42.13  (3654,1901)
42.15  (3654,2201)
42.17  (3654,2501)
42.19  (3654,2801)
42.21  (3654,3101)
42.23  (3654,3401)
42.25  (3654,3701)
42.27  (3654,4001)
42.29  (3654,4301)
42.31  (3654,4601)
42.33  (3654,4901)
43.02  (3741,251)
43.04  (3741,551)
43.06  (3741,851)
43.08  (3741,1151)
43.10  (3741,1451)
43.12  (3741,1751)
43.14  (3741,2051)
43.16  (3741,2351)
43.18  (3741,2651)
43.20  (3741,2951)
43.22  (3741,3251)
43.24  (3741,3551)
43.26  (3741,3851)
43.28  (3741,4151)
43.30  (3741,4451)
43.32  (3741,4751)
43.34  (3741,5051)
44.01  (3828,101)
44.03  (3828,401)
44.05  (3828,701)
44.07  (3828,1001)
44.09  (3828,1301)
44.11  (3828,1601)
44.13  (3828,1901)
44.15  (3828,2201)
44.17  (3828,2501)
44.19  (3828,2801)
44.21  (3828,3101)
44.23  (3828,3401)
44.25  (3828,3701)
44.27  (3828,4001)
44.29  (3828,4301)
44.31  (3828,4601)
44.33  (3828,4901)
45.02  (3915,251)
45.04  (3915,551)
45.06  (3915,851)
45.08  (3915,1151)
45.10  (3915,1451)
45.12  (3915,1751)
45.14  (3915,2051)
45.16  (3915,2351)
45.18  (3915,2651)
45.20  (3915,2951)
45.22  (3915,3251)
45.24  (3915,3551)
45.26  (3915,3851)
45.28  (3915,4151)
45.30  (3915,4451)
45.32  (3915,4751)
45.34  (3915,5051)
46.01  (4002,101)
46.03  (4002,401)
46.05  (4002,701)
46.07  (4002,1001)
46.09  (4002,1301)
46.11  (4002,1601)
46.13  (4002,1901)
46.15  (4002,2201)
46.17  (4002,2501)
46.19  (4002,2801)
46.21  (4002,3101)
46.23  (4002,3401)
46.25  (4002,3701)
46.27  (4002,4001)
46.29  (4002,4301)
46.31  (4002,4601)
46.33  (4002,4901)
47.02  (4089,251)
47.04  (4089,551)
47.06  (4089,851)
47.08  (4089,1151)
47.10  (4089,1451)
47.12  (4089,1751)
47.14  (4089,2051)
47.16  (4089,2351)
47.18  (4089,2651)
47.20  (4089,2951)
47.22  (4089,3251)
47.24  (4089,3551)
47.26  (4089,3851)
47.28  (4089,4151)
47.30  (4089,4451)
47.32  (4089,4751)
47.34  (4089,5051)
48.01  (4150,105)
48.03  (4176,401)
48.05  (4176,701)
48.07  (4176,1001)
48.09  (4176,1301)
48.11  (4176,1601)
48.13  (4176,1901)
48.15  (4176,2201)
48.17  (4176,2501)
48.19  (4176,2801)
48.21  (4176,3101)
48.23  (4176,3401)
48.25  (4176,3701)
48.27  (4176,4001)
48.29  (4176,4301)
48.31  (4176,4601)
48.33  (4176,4901)
49.02  (4263,251)
49.04  (4263,551)
49.06  (4263,851)
49.08  (4263,1151)
49.10  (4263,1451)
49.12  (4263,1751)
49.14  (4263,2051)
49.16  (4263,2351)
49.18  (4263,2651)
49.20  (4263,2951)
49.22  (4263,3251)
49.24  (4263,3551)
49.26  (4263,3851)
49.28  (4263,4151)
49.30  (4263,4451)
49.32  (4263,4751)
49.34  (4247,5029)
50.03  (4350,401)
50.05  (4350,701)
50.07  (4350,1001)
50.09  (4350,1301)
50.11  (4350,1601)
50.13  (4350,1901)
50.15  (4350,2201)
50.17  (4350,2501)
50.19  (4350,2801)
50.21  (4350,3101)
50.23  (4350,3401)
50.25  (4350,3701)
50.27  (4350,4001)
50.29  (4350,4301)
50.31  (4350,4601)
50.33  (4350,4901)
51.02  (4405,274)
51.04  (4437,551)
51.06  (4437,851)
51.08  (4437,1151)
51.10  (4437,1451)
51.12  (4437,1751)
51.14  (4437,2051)
51.16  (4437,2351)
51.18  (4437,2651)
51.20  (4437,2951)
51.22  (4437,3251)
51.24  (4437,3551)
51.26  (4437,3851)
51.28  (4437,4151)
51.30  (4437,4451)
51.32  (4437,4751)
51.34  (4445,5018)
52.03  (4524,401)
52.05  (4524,701)
52.07  (4524,1001)
52.09  (4524,1301)
52.11  (4524,1601)
52.13  (4524,1901)
52.15  (4524,2201)
52.17  (4524,2501)
52.19  (4524,2801)
52.21  (4524,3101)
52.23  (4524,3401)
52.25  (4524,3701)
52.27  (4524,4001)
52.29  (4524,4301)
52.31  (4524,4601)
52.33  (4524,4901)
53.04  (4611,551)
53.06  (4611,851)
53.08  (4611,1151)
53.10  (4611,1451)
53.12  (4611,1751)
53.14  (4611,2051)
53.16  (4611,2351)
53.18  (4611,2651)
53.20  (4611,2951)
53.22  (4611,3251)
53.24  (4611,3551)
53.26  (4611,3851)
53.28  (4611,4151)
53.30  (4611,4451)
53.32  (4611,4751)
53.34  (4569,5071)
54.03  (4674,398)
54.05  (4698,701)
54.07  (4698,1001)
54.09  (4698,1301)
54.11  (4698,1601)
54.13  (4698,1901)
54.15  (4698,2201)
54.17  (4698,2501)
54.19  (4698,2801)
54.21  (4698,3101)
54.23  (4698,3401)
54.25  (4698,3701)
54.27  (4698,4001)
54.29  (4698,4301)
54.31  (4698,4601)
54.33  (4698,4901)
55.04  (4785,551)
55.06  (4785,851)
55.08  (4785,1151)
55.10  (4785,1451)
55.12  (4785,1751)
55.14  (4785,2051)
55.16  (4785,2351)
55.18  (4785,2651)
55.20  (4785,2951)
55.22  (4785,3251)
55.24  (4785,3551)
55.26  (4785,3851)
55.28  (4785,4151)
55.30  (4785,4451)
55.32  (4785,4751)
56.05  (4872,701)
56.07  (4872,1001)
56.09  (4872,1301)
56.11  (4872,1601)
56.13  (4872,1901)
56.15  (4872,2201)
56.17  (4872,2501)
56.19  (4872,2801)
56.21  (4872,3101)
56.23  (4872,3401)
56.25  (4872,3701)
56.27  (4872,4001)
56.29  (4872,4301)
56.31  (4872,4601)
56.33  (4872,4901)
57.04  (4902,577)
57.06  (4959,851)
57.08  (4959,1151)
57.10  (4959,1451)
57.12  (4959,1751)
57.14  (4959,2051)
57.16  (4959,2351)
57.18  (4959,2651)
57.20  (4959,2951)
57.22  (4959,3251)
57.24  (4959,3551)
57.26  (4959,3851)
57.28  (4959,4151)
57.30  (4959,4451)
57.32  (4959,4751)
57.34  (4959,5051)
58.05  (5046,701)
58.07  (5046,1001)
58.09  (5046,1301)
58.11  (5046,1601)
58.13  (5046,1901)
58.15  (5046,2201)
58.17  (5046,2501)
58.19  (5046,2801)
58.21  (5046,3101)
58.23  (5046,3401)
58.25  (5046,3701)
58.27  (5046,4001)
58.29  (5046,4301)
58.31  (5046,4601)
59.04  (5115,595)
59.06  (5133,851)
59.08  (5133,1151)
59.10  (5133,1451)
59.12  (5133,1751)
59.14  (5133,2051)
59.16  (5133,2351)
59.18  (5133,2651)
59.20  (5133,2951)
59.22  (5133,3251)
59.24  (5133,3551)
59.26  (5133,3851)
59.28  (5133,4151)
59.30  (5133,4451)
59.32  (5132,4713)
60.05  (5220,701)
60.07  (5220,1001)
60.09  (5220,1301)
60.11  (5220,1601)
60.13  (5220,1901)
60.15  (5220,2201)
60.17  (5220,2501)
60.19  (5220,2801)
60.21  (5220,3101)
60.23  (5220,3401)
60.25  (5220,3701)
60.27  (5220,4001)
60.29  (5220,4301)
60.31  (5220,4601)
61.04  (5299,572)
61.06  (5307,851)
61.08  (5307,1151)
61.10  (5307,1451)
61.12  (5307,1751)
61.14  (5307,2051)
61.16  (5307,2351)
61.18  (5307,2651)
61.20  (5307,2951)
61.22  (5307,3251)
61.24  (5307,3551)
61.26  (5307,3851)
61.28  (5307,4151)
61.30  (5307,4451)
61.32  (5304,4695)
62.05  (5394,701)
62.07  (5394,1001)
62.09  (5394,1301)
62.11  (5394,1601)
62.13  (5394,1901)
62.15  (5394,2201)
62.17  (5394,2501)
62.19  (5394,2801)
62.21  (5394,3101)
62.23  (5394,3401)
62.25  (5394,3701)
62.27  (5394,4001)
62.29  (5394,4301)
62.31  (5394,4601)
63.04  (5481,551)
63.06  (5481,851)
63.08  (5481,1151)
63.10  (5481,1451)
63.12  (5467,1747)
63.14  (5434,2043)
63.16  (5427,2345)
63.18  (5494,2649)
63.20  (5416,2963)
63.22  (5481,3251)
63.24  (5481,3551)
63.26  (5481,3851)
63.28  (5481,4151)
63.30  (5481,4451)
63.32  (5481,4751)
64.03  (5568,401)
64.05  (5568,701)
64.07  (5568,1001)
64.09  (5568,1301)
64.11  (5555,1592)
64.17  (5519,2516)
64.21  (5568,3101)
64.23  (5568,3401)
64.25  (5568,3701)
64.27  (5568,4001)
64.29  (5568,4301)
64.31  (5568,4601)
64.33  (5525,4893)
65.04  (5655,551)
65.06  (5655,851)
65.08  (5655,1151)
65.10  (5655,1451)
65.22  (5655,3251)
65.24  (5655,3551)
65.26  (5655,3851)
65.28  (5655,4151)
65.30  (5655,4451)
65.32  (5636,4751)
66.03  (5742,401)
66.05  (5742,701)
66.07  (5742,1001)
66.09  (5742,1301)
66.21  (5709,3117)
66.23  (5718,3391)
66.25  (5723,3697)
66.27  (5742,4001)
66.29  (5742,4301)
66.31  (5704,4562)
66.33  (5714,4888)
67.02  (5829,251)
67.04  (5829,551)
67.06  (5829,851)
67.08  (5829,1151)
67.10  (5829,1451)
67.26  (5811,3854)
67.28  (5807,4178)
67.30  (5829,4451)
68.01  (5916,101)
68.03  (5916,401)
68.05  (5916,701)
68.07  (5916,1001)
68.09  (5916,1301)
68.27  (5894,3990)
68.29  (5892,4337)
68.31  (5905,4559)
Aberdeen  (67,1221)
England  (851,4445)
Wilhelmshaven  (5325,4821)
Denmark  (5707,2342)
Netherlands  (4338,5104)
Norway  (5064,170)
Cap1  (10,4)
Cap2  (15,4)
01.02armB  (5970,10)
01.04armB  (5970,10)
01.06armB  (5970,10)
01.10armB  (5970,10)
01.12armB  (5970,10)
01.14armB  (5970,10)
01.16armB  (5970,10)
01.18armB  (5970,10)
02.01armB  (5970,10)
02.03armB  (5970,10)
02.05armB  (5970,10)
02.07armB  (5970,10)
02.09armB  (5970,10)
02.11armB  (5970,10)
02.13armB  (5970,10)
02.15armB  (5970,10)
02.17armB  (5970,10)
02.19armB  (5970,10)
03.02armB  (5970,10)
03.04armB  (5970,10)
03.06armB  (5970,10)
03.08armB  (5970,10)
03.10armB  (5970,10)
03.12armB  (5970,10)
03.14armB  (5970,10)
03.16armB  (5970,10)
03.18armB  (5970,10)
03.20armB  (5970,10)
04.01armB  (5970,10)
04.03armB  (5970,10)
04.05armB  (5970,10)
04.07armB  (5970,10)
04.09armB  (5970,10)
04.11armB  (5970,10)
04.13armB  (5970,10)
04.15armB  (5970,10)
04.17armB  (5970,10)
04.19armB  (5970,10)
04.21armB  (5970,10)
04.23armB  (5970,10)
05.02armB  (5970,10)
05.04armB  (5970,10)
05.06armB  (5970,10)
05.08armB  (5970,10)
05.10armB  (5970,10)
05.12armB  (5970,10)
05.14armB  (5970,10)
05.16armB  (5970,10)
05.18armB  (5970,10)
05.20armB  (5970,10)
05.22armB  (5970,10)
05.24armB  (5970,10)
06.01armB  (5970,10)
06.03armB  (5970,10)
06.05armB  (5970,10)
06.07armB  (5970,10)
06.09armB  (5970,10)
06.11armB  (5970,10)
06.13armB  (5970,10)
06.15armB  (5970,10)
06.17armB  (5970,10)
06.19armB  (5970,10)
06.21armB  (5970,10)
06.23armB  (5970,10)
06.25armB  (5970,10)
07.02armB  (5970,10)
07.04armB  (5970,10)
07.06armB  (5970,10)
07.08armB  (5970,10)
07.10armB  (5970,10)
07.12armB  (5970,10)
07.14armB  (5970,10)
07.16armB  (5970,10)
07.18armB  (5970,10)
07.20armB  (5970,10)
07.22armB  (5970,10)
07.24armB  (5970,10)
07.26armB  (5970,10)
08.01armB  (5970,10)
08.03armB  (5970,10)
08.05armB  (5970,10)
08.07armB  (5970,10)
08.09armB  (5970,10)
08.11armB  (5970,10)
08.13armB  (5970,10)
08.15armB  (5970,10)
08.17armB  (5970,10)
08.19armB  (5970,10)
08.21armB  (5970,10)
08.23armB  (5970,10)
08.25armB  (5970,10)
09.02armB  (5970,10)
09.04armB  (5970,10)
09.06armB  (5970,10)
09.08armB  (5970,10)
09.10armB  (5970,10)
09.12armB  (5970,10)
09.14armB  (5970,10)
09.16armB  (5970,10)
09.18armB  (5970,10)
09.20armB  (5970,10)
09.22armB  (5970,10)
09.24armB  (5970,10)
09.26armB  (5970,10)
10.01armB  (5970,10)
10.03armB  (5970,10)
10.05armB  (5970,10)
10.07armB  (5970,10)
10.09armB  (5970,10)
10.11armB  (5970,10)
10.13armB  (5970,10)
10.15armB  (5970,10)
10.17armB  (5970,10)
10.19armB  (5970,10)
10.21armB  (5970,10)
10.23armB  (5970,10)
10.25armB  (5970,10)
10.27armB  (5970,10)
11.02armB  (5970,10)
11.04armB  (5970,10)
11.06armB  (5970,10)
11.08armB  (5970,10)
11.10armB  (5970,10)
11.12armB  (5970,10)
11.14armB  (5970,10)
11.16armB  (5970,10)
11.18armB  (5970,10)
11.20armB  (5970,10)
11.22armB  (5970,10)
11.24armB  (5970,10)
11.26armB  (5970,10)
11.28armB  (5970,10)
11.32armB  (5970,10)
12.01armB  (5970,10)
12.03armB  (5970,10)
12.05armB  (5970,10)
12.07armB  (5970,10)
12.09armB  (5970,10)
12.11armB  (5970,10)
12.13armB  (5970,10)
12.15armB  (5970,10)
12.17armB  (5970,10)
12.19armB  (5970,10)
12.21armB  (5970,10)
12.23armB  (5970,10)
12.25armB  (5970,10)
12.27armB  (5970,10)
12.29armB  (5970,10)
13.02armB  (5970,10)
13.04armB  (5970,10)
13.06armB  (5970,10)
13.08armB  (5970,10)
13.10armB  (5970,10)
13.12armB  (5970,10)
13.14armB  (5970,10)
13.16armB  (5970,10)
13.18armB  (5970,10)
13.20armB  (5970,10)
13.22armB  (5970,10)
13.24armB  (5970,10)
13.26armB  (5970,10)
13.28armB  (5970,10)
13.30armB  (5970,10)
13.32armB  (5970,10)
14.01armB  (5970,10)
14.03armB  (5970,10)
14.05armB  (5970,10)
14.07armB  (5970,10)
14.09armB  (5970,10)
14.11armB  (5970,10)
14.13armB  (5970,10)
14.15armB  (5970,10)
14.17armB  (5970,10)
14.19armB  (5970,10)
14.21armB  (5970,10)
14.23armB  (5970,10)
14.25armB  (5970,10)
14.27armB  (5970,10)
14.29armB  (5970,10)
14.31armB  (5970,10)
14.33armB  (5970,10)
15.02armB  (5970,10)
15.04armB  (5970,10)
15.06armB  (5970,10)
15.08armB  (5970,10)
15.10armB  (5970,10)
15.12armB  (5970,10)
15.14armB  (5970,10)
15.16armB  (5970,10)
15.18armB  (5970,10)
15.20armB  (5970,10)
15.22armB  (5970,10)
15.24armB  (5970,10)
15.26armB  (5970,10)
15.28armB  (5970,10)
15.30armB  (5970,10)
15.32armB  (5970,10)
15.34armB  (5970,10)
16.01armB  (5970,10)
16.03armB  (5970,10)
16.05armB  (5970,10)
16.07armB  (5970,10)
16.09armB  (5970,10)
16.11armB  (5970,10)
16.13armB  (5970,10)
16.15armB  (5970,10)
16.17armB  (5970,10)
16.19armB  (5970,10)
16.21armB  (5970,10)
16.23armB  (5970,10)
16.25armB  (5970,10)
16.27armB  (5970,10)
16.29armB  (5970,10)
16.31armB  (5970,10)
16.33armB  (5970,10)
17.02armB  (5970,10)
17.04armB  (5970,10)
17.06armB  (5970,10)
17.08armB  (5970,10)
17.10armB  (5970,10)
17.12armB  (5970,10)
17.14armB  (5970,10)
17.16armB  (5970,10)
17.18armB  (5970,10)
17.20armB  (5970,10)
17.22armB  (5970,10)
17.24armB  (5970,10)
17.26armB  (5970,10)
17.28armB  (5970,10)
17.30armB  (5970,10)
17.32armB  (5970,10)
17.34armB  (5970,10)
18.01armB  (5970,10)
18.03armB  (5970,10)
18.05armB  (5970,10)
18.07armB  (5970,10)
18.09armB  (5970,10)
18.11armB  (5970,10)
18.13armB  (5970,10)
18.15armB  (5970,10)
18.17armB  (5970,10)
18.19armB  (5970,10)
18.21armB  (5970,10)
18.23armB  (5970,10)
18.25armB  (5970,10)
18.27armB  (5970,10)
18.29armB  (5970,10)
18.31armB  (5970,10)
18.33armB  (5970,10)
19.02armB  (5970,10)
19.04armB  (5970,10)
19.06armB  (5970,10)
19.08armB  (5970,10)
19.10armB  (5970,10)
19.12armB  (5970,10)
19.14armB  (5970,10)
19.16armB  (5970,10)
19.18armB  (5970,10)
19.20armB  (5970,10)
19.22armB  (5970,10)
19.24armB  (5970,10)
19.26armB  (5970,10)
19.28armB  (5970,10)
19.30armB  (5970,10)
19.32armB  (5970,10)
19.34armB  (5970,10)
20.01armB  (5970,10)
20.03armB  (5970,10)
20.05armB  (5970,10)
20.07armB  (5970,10)
20.09armB  (5970,10)
20.11armB  (5970,10)
20.13armB  (5970,10)
20.15armB  (5970,10)
20.17armB  (5970,10)
20.19armB  (5970,10)
20.21armB  (5970,10)
20.23armB  (5970,10)
20.25armB  (5970,10)
20.27armB  (5970,10)
20.29armB  (5970,10)
20.31armB  (5970,10)
20.33armB  (5970,10)
21.02armB  (5970,10)
21.04armB  (5970,10)
21.06armB  (5970,10)
21.08armB  (5970,10)
21.10armB  (5970,10)
21.12armB  (5970,10)
21.14armB  (5970,10)
21.16armB  (5970,10)
21.18armB  (5970,10)
21.20armB  (5970,10)
21.22armB  (5970,10)
21.24armB  (5970,10)
21.26armB  (5970,10)
21.28armB  (5970,10)
21.30armB  (5970,10)
21.32armB  (5970,10)
21.34armB  (5970,10)
22.01armB  (5970,10)
22.03armB  (5970,10)
22.05armB  (5970,10)
22.07armB  (5970,10)
22.09armB  (5970,10)
22.11armB  (5970,10)
22.13armB  (5970,10)
22.15armB  (5970,10)
22.17armB  (5970,10)
22.19armB  (5970,10)
22.21armB  (5970,10)
22.23armB  (5970,10)
22.25armB  (5970,10)
22.27armB  (5970,10)
22.29armB  (5970,10)
22.31armB  (5970,10)
22.33armB  (5970,10)
23.02armB  (5970,10)
23.04armB  (5970,10)
23.06armB  (5970,10)
23.08armB  (5970,10)
23.10armB  (5970,10)
23.12armB  (5970,10)
23.14armB  (5970,10)
23.16armB  (5970,10)
23.18armB  (5970,10)
23.20armB  (5970,10)
23.22armB  (5970,10)
23.24armB  (5970,10)
23.26armB  (5970,10)
23.28armB  (5970,10)
23.30armB  (5970,10)
23.32armB  (5970,10)
23.34armB  (5970,10)
24.01armB  (5970,10)
24.03armB  (5970,10)
24.05armB  (5970,10)
24.07armB  (5970,10)
24.09armB  (5970,10)
24.11armB  (5970,10)
24.13armB  (5970,10)
24.15armB  (5970,10)
24.17armB  (5970,10)
24.19armB  (5970,10)
24.21armB  (5970,10)
24.23armB  (5970,10)
24.25armB  (5970,10)
24.27armB  (5970,10)
24.29armB  (5970,10)
24.31armB  (5970,10)
24.33armB  (5970,10)
25.02armB  (5970,10)
25.04armB  (5970,10)
25.06armB  (5970,10)
25.08armB  (5970,10)
25.10armB  (5970,10)
25.12armB  (5970,10)
25.14armB  (5970,10)
25.16armB  (5970,10)
25.18armB  (5970,10)
25.20armB  (5970,10)
25.22armB  (5970,10)
25.24armB  (5970,10)
25.26armB  (5970,10)
25.28armB  (5970,10)
25.30armB  (5970,10)
25.32armB  (5970,10)
25.34armB  (5970,10)
26.01armB  (5970,10)
26.03armB  (5970,10)
26.05armB  (5970,10)
26.07armB  (5970,10)
26.09armB  (5970,10)
26.11armB  (5970,10)
26.13armB  (5970,10)
26.15armB  (5970,10)
26.17armB  (5970,10)
26.19armB  (5970,10)
26.21armB  (5970,10)
26.23armB  (5970,10)
26.25armB  (5970,10)
26.27armB  (5970,10)
26.29armB  (5970,10)
26.31armB  (5970,10)
26.33armB  (5970,10)
27.02armB  (5970,10)
27.04armB  (5970,10)
27.06armB  (5970,10)
27.08armB  (5970,10)
27.10armB  (5970,10)
27.12armB  (5970,10)
27.14armB  (5970,10)
27.16armB  (5970,10)
27.18armB  (5970,10)
27.20armB  (5970,10)
27.22armB  (5970,10)
27.24armB  (5970,10)
27.26armB  (5970,10)
27.28armB  (5970,10)
27.30armB  (5970,10)
27.32armB  (5970,10)
27.34armB  (5970,10)
28.01armB  (5970,10)
28.03armB  (5970,10)
28.05armB  (5970,10)
28.07armB  (5970,10)
28.09armB  (5970,10)
28.11armB  (5970,10)
28.13armB  (5970,10)
28.15armB  (5970,10)
28.17armB  (5970,10)
28.19armB  (5970,10)
28.21armB  (5970,10)
28.23armB  (5970,10)
28.25armB  (5970,10)
28.27armB  (5970,10)
28.29armB  (5970,10)
28.31armB  (5970,10)
28.33armB  (5970,10)
29.02armB  (5970,10)
29.04armB  (5970,10)
29.06armB  (5970,10)
29.08armB  (5970,10)
29.10armB  (5970,10)
29.12armB  (5970,10)
29.14armB  (5970,10)
29.16armB  (5970,10)
29.18armB  (5970,10)
29.20armB  (5970,10)
29.22armB  (5970,10)
29.24armB  (5970,10)
29.26armB  (5970,10)
29.28armB  (5970,10)
29.30armB  (5970,10)
29.32armB  (5970,10)
29.34armB  (5970,10)
30.01armB  (5970,10)
30.03armB  (5970,10)
30.05armB  (5970,10)
30.07armB  (5970,10)
30.09armB  (5970,10)
30.11armB  (5970,10)
30.13armB  (5970,10)
30.15armB  (5970,10)
30.17armB  (5970,10)
30.19armB  (5970,10)
30.21armB  (5970,10)
30.23armB  (5970,10)
30.25armB  (5970,10)
30.27armB  (5970,10)
30.29armB  (5970,10)
30.31armB  (5970,10)
30.33armB  (5970,10)
31.02armB  (5970,10)
31.04armB  (5970,10)
31.06armB  (5970,10)
31.08armB  (5970,10)
31.10armB  (5970,10)
31.12armB  (5970,10)
31.14armB  (5970,10)
31.16armB  (5970,10)
31.18armB  (5970,10)
31.20armB  (5970,10)
31.22armB  (5970,10)
31.24armB  (5970,10)
31.26armB  (5970,10)
31.28armB  (5970,10)
31.30armB  (5970,10)
31.32armB  (5970,10)
31.34armB  (5970,10)
32.01armB  (5970,10)
32.03armB  (5970,10)
32.05armB  (5970,10)
32.07armB  (5970,10)
32.09armB  (5970,10)
32.11armB  (5970,10)
32.13armB  (5970,10)
32.15armB  (5970,10)
32.17armB  (5970,10)
32.19armB  (5970,10)
32.21armB  (5970,10)
32.23armB  (5970,10)
32.25armB  (5970,10)
32.27armB  (5970,10)
32.29armB  (5970,10)
32.31armB  (5970,10)
32.33armB  (5970,10)
33.02armB  (5970,10)
33.04armB  (5970,10)
33.06armB  (5970,10)
33.08armB  (5970,10)
33.10armB  (5970,10)
33.12armB  (5970,10)
33.14armB  (5970,10)
33.16armB  (5970,10)
33.18armB  (5970,10)
33.20armB  (5970,10)
33.22armB  (5970,10)
33.24armB  (5970,10)
33.26armB  (5970,10)
33.28armB  (5970,10)
33.30armB  (5970,10)
33.32armB  (5970,10)
33.34armB  (5970,10)
34.01armB  (5970,10)
34.03armB  (5970,10)
34.05armB  (5970,10)
34.07armB  (5970,10)
34.09armB  (5970,10)
34.11armB  (5970,10)
34.13armB  (5970,10)
34.15armB  (5970,10)
34.17armB  (5970,10)
34.19armB  (5970,10)
34.21armB  (5970,10)
34.23armB  (5970,10)
34.25armB  (5970,10)
34.27armB  (5970,10)
34.29armB  (5970,10)
34.31armB  (5970,10)
34.33armB  (5970,10)
35.02armB  (5970,10)
35.04armB  (5970,10)
35.06armB  (5970,10)
35.08armB  (5970,10)
35.10armB  (5970,10)
35.12armB  (5970,10)
35.14armB  (5970,10)
35.16armB  (5970,10)
35.18armB  (5970,10)
35.20armB  (5970,10)
35.22armB  (5970,10)
35.24armB  (5970,10)
35.26armB  (5970,10)
35.28armB  (5970,10)
35.30armB  (5970,10)
35.32armB  (5970,10)
35.34armB  (5970,10)
36.01armB  (5970,10)
36.03armB  (5970,10)
36.05armB  (5970,10)
36.07armB  (5970,10)
36.09armB  (5970,10)
36.11armB  (5970,10)
36.13armB  (5970,10)
36.15armB  (5970,10)
36.17armB  (5970,10)
36.19armB  (5970,10)
36.21armB  (5970,10)
36.23armB  (5970,10)
36.25armB  (5970,10)
36.27armB  (5970,10)
36.29armB  (5970,10)
36.31armB  (5970,10)
36.33armB  (5970,10)
37.02armB  (5970,10)
37.04armB  (5970,10)
37.06armB  (5970,10)
37.08armB  (5970,10)
37.10armB  (5970,10)
37.12armB  (5970,10)
37.14armB  (5970,10)
37.16armB  (5970,10)
37.18armB  (5970,10)
37.20armB  (5970,10)
37.22armB  (5970,10)
37.24armB  (5970,10)
37.26armB  (5970,10)
37.28armB  (5970,10)
37.30armB  (5970,10)
37.32armB  (5970,10)
37.34armB  (5970,10)
38.01armB  (5970,10)
38.03armB  (5970,10)
38.05armB  (5970,10)
38.07armB  (5970,10)
38.09armB  (5970,10)
38.11armB  (5970,10)
38.13armB  (5970,10)
38.15armB  (5970,10)
38.17armB  (5970,10)
38.19armB  (5970,10)
38.21armB  (5970,10)
38.23armB  (5970,10)
38.25armB  (5970,10)
38.27armB  (5970,10)
38.29armB  (5970,10)
38.31armB  (5970,10)
38.33armB  (5970,10)
39.02armB  (5970,10)
39.04armB  (5970,10)
39.06armB  (5970,10)
39.08armB  (5970,10)
39.10armB  (5970,10)
39.12armB  (5970,10)
39.14armB  (5970,10)
39.16armB  (5970,10)
39.18armB  (5970,10)
39.20armB  (5970,10)
39.22armB  (5970,10)
39.24armB  (5970,10)
39.26armB  (5970,10)
39.28armB  (5970,10)
39.30armB  (5970,10)
39.32armB  (5970,10)
39.34armB  (5970,10)
40.01armB  (5970,10)
40.03armB  (5970,10)
40.05armB  (5970,10)
40.07armB  (5970,10)
40.09armB  (5970,10)
40.11armB  (5970,10)
40.13armB  (5970,10)
40.15armB  (5970,10)
40.17armB  (5970,10)
40.19armB  (5970,10)
40.21armB  (5970,10)
40.23armB  (5970,10)
40.25armB  (5970,10)
40.27armB  (5970,10)
40.29armB  (5970,10)
40.31armB  (5970,10)
40.33armB  (5970,10)
41.02armB  (5970,10)
41.04armB  (5970,10)
41.06armB  (5970,10)
41.08armB  (5970,10)
41.10armB  (5970,10)
41.12armB  (5970,10)
41.14armB  (5970,10)
41.16armB  (5970,10)
41.18armB  (5970,10)
41.20armB  (5970,10)
41.22armB  (5970,10)
41.24armB  (5970,10)
41.26armB  (5970,10)
41.28armB  (5970,10)
41.30armB  (5970,10)
41.32armB  (5970,10)
41.34armB  (5970,10)
42.01armB  (5970,10)
42.03armB  (5970,10)
42.05armB  (5970,10)
42.07armB  (5970,10)
42.09armB  (5970,10)
42.11armB  (5970,10)
42.13armB  (5970,10)
42.15armB  (5970,10)
42.17armB  (5970,10)
42.19armB  (5970,10)
42.21armB  (5970,10)
42.23armB  (5970,10)
42.25armB  (5970,10)
42.27armB  (5970,10)
42.29armB  (5970,10)
42.31armB  (5970,10)
42.33armB  (5970,10)
43.02armB  (5970,10)
43.04armB  (5970,10)
43.06armB  (5970,10)
43.08armB  (5970,10)
43.10armB  (5970,10)
43.12armB  (5970,10)
43.14armB  (5970,10)
43.16armB  (5970,10)
43.18armB  (5970,10)
43.20armB  (5970,10)
43.22armB  (5970,10)
43.24armB  (5970,10)
43.26armB  (5970,10)
43.28armB  (5970,10)
43.30armB  (5970,10)
43.32armB  (5970,10)
43.34armB  (5970,10)
44.01armB  (5970,10)
44.03armB  (5970,10)
44.05armB  (5970,10)
44.07armB  (5970,10)
44.09armB  (5970,10)
44.11armB  (5970,10)
44.13armB  (5970,10)
44.15armB  (5970,10)
44.17armB  (5970,10)
44.19armB  (5970,10)
44.21armB  (5970,10)
44.23armB  (5970,10)
44.25armB  (5970,10)
44.27armB  (5970,10)
44.29armB  (5970,10)
44.31armB  (5970,10)
44.33armB  (5970,10)
45.02armB  (5970,10)
45.04armB  (5970,10)
45.06armB  (5970,10)
45.08armB  (5970,10)
45.10armB  (5970,10)
45.12armB  (5970,10)
45.14armB  (5970,10)
45.16armB  (5970,10)
45.18armB  (5970,10)
45.20armB  (5970,10)
45.22armB  (5970,10)
45.24armB  (5970,10)
45.26armB  (5970,10)
45.28armB  (5970,10)
45.30armB  (5970,10)
45.32armB  (5970,10)
45.34armB  (5970,10)
46.01armB  (5970,10)
46.03armB  (5970,10)
46.05armB  (5970,10)
46.07armB  (5970,10)
46.09armB  (5970,10)
46.11armB  (5970,10)
46.13armB  (5970,10)
46.15armB  (5970,10)
46.17armB  (5970,10)
46.19armB  (5970,10)
46.21armB  (5970,10)
46.23armB  (5970,10)
46.25armB  (5970,10)
46.27armB  (5970,10)
46.29armB  (5970,10)
46.31armB  (5970,10)
46.33armB  (5970,10)
47.02armB  (5970,10)
47.04armB  (5970,10)
47.06armB  (5970,10)
47.08armB  (5970,10)
47.10armB  (5970,10)
47.12armB  (5970,10)
47.14armB  (5970,10)
47.16armB  (5970,10)
47.18armB  (5970,10)
47.20armB  (5970,10)
47.22armB  (5970,10)
47.24armB  (5970,10)
47.26armB  (5970,10)
47.28armB  (5970,10)
47.30armB  (5970,10)
47.32armB  (5970,10)
47.34armB  (5970,10)
48.01armB  (5970,10)
48.03armB  (5970,10)
48.05armB  (5970,10)
48.07armB  (5970,10)
48.09armB  (5970,10)
48.11armB  (5970,10)
48.13armB  (5970,10)
48.15armB  (5970,10)
48.17armB  (5970,10)
48.19armB  (5970,10)
48.21armB  (5970,10)
48.23armB  (5970,10)
48.25armB  (5970,10)
48.27armB  (5970,10)
48.29armB  (5970,10)
48.31armB  (5970,10)
48.33armB  (5970,10)
49.02armB  (5970,10)
49.04armB  (5970,10)
49.06armB  (5970,10)
49.08armB  (5970,10)
49.10armB  (5970,10)
49.12armB  (5970,10)
49.14armB  (5970,10)
49.16armB  (5970,10)
49.18armB  (5970,10)
49.20armB  (5970,10)
49.22armB  (5970,10)
49.24armB  (5970,10)
49.26armB  (5970,10)
49.28armB  (5970,10)
49.30armB  (5970,10)
49.32armB  (5970,10)
49.34armB  (5970,10)
50.03armB  (5970,10)
50.05armB  (5970,10)
50.07armB  (5970,10)
50.09armB  (5970,10)
50.11armB  (5970,10)
50.13armB  (5970,10)
50.15armB  (5970,10)
50.17armB  (5970,10)
50.19armB  (5970,10)
50.21armB  (5970,10)
50.23armB  (5970,10)
50.25armB  (5970,10)
50.27armB  (5970,10)
50.29armB  (5970,10)
50.31armB  (5970,10)
50.33armB  (5970,10)
51.02armB  (5970,10)
51.04armB  (5970,10)
51.06armB  (5970,10)
51.08armB  (5970,10)
51.10armB  (5970,10)
51.12armB  (5970,10)
51.14armB  (5970,10)
51.16armB  (5970,10)
51.18armB  (5970,10)
51.20armB  (5970,10)
51.22armB  (5970,10)
51.24armB  (5970,10)
51.26armB  (5970,10)
51.28armB  (5970,10)
51.30armB  (5970,10)
51.32armB  (5970,10)
51.34armB  (5970,10)
52.03armB  (5970,10)
52.05armB  (5970,10)
52.07armB  (5970,10)
52.09armB  (5970,10)
52.11armB  (5970,10)
52.13armB  (5970,10)
52.15armB  (5970,10)
52.17armB  (5970,10)
52.19armB  (5970,10)
52.21armB  (5970,10)
52.23armB  (5970,10)
52.25armB  (5970,10)
52.27armB  (5970,10)
52.29armB  (5970,10)
52.31armB  (5970,10)
52.33armB  (5970,10)
53.04armB  (5970,10)
53.06armB  (5970,10)
53.08armB  (5970,10)
53.10armB  (5970,10)
53.12armB  (5970,10)
53.14armB  (5970,10)
53.16armB  (5970,10)
53.18armB  (5970,10)
53.20armB  (5970,10)
53.22armB  (5970,10)
53.24armB  (5970,10)
53.26armB  (5970,10)
53.28armB  (5970,10)
53.30armB  (5970,10)
53.32armB  (5970,10)
53.34armB  (5970,10)
54.03armB  (5970,10)
54.05armB  (5970,10)
54.07armB  (5970,10)
54.09armB  (5970,10)
54.11armB  (5970,10)
54.13armB  (5970,10)
54.15armB  (5970,10)
54.17armB  (5970,10)
54.19armB  (5970,10)
54.21armB  (5970,10)
54.23armB  (5970,10)
54.25armB  (5970,10)
54.27armB  (5970,10)
54.29armB  (5970,10)
54.31armB  (5970,10)
54.33armB  (5970,10)
55.04armB  (5970,10)
55.06armB  (5970,10)
55.08armB  (5970,10)
55.10armB  (5970,10)
55.12armB  (5970,10)
55.14armB  (5970,10)
55.16armB  (5970,10)
55.18armB  (5970,10)
55.20armB  (5970,10)
55.22armB  (5970,10)
55.24armB  (5970,10)
55.26armB  (5970,10)
55.28armB  (5970,10)
55.30armB  (5970,10)
55.32armB  (5970,10)
56.05armB  (5970,10)
56.07armB  (5970,10)
56.09armB  (5970,10)
56.11armB  (5970,10)
56.13armB  (5970,10)
56.15armB  (5970,10)
56.17armB  (5970,10)
56.19armB  (5970,10)
56.21armB  (5970,10)
56.23armB  (5970,10)
56.25armB  (5970,10)
56.27armB  (5970,10)
56.29armB  (5970,10)
56.31armB  (5970,10)
56.33armB  (5970,10)
57.04armB  (5970,10)
57.06armB  (5970,10)
57.08armB  (5970,10)
57.10armB  (5970,10)
57.12armB  (5970,10)
57.14armB  (5970,10)
57.16armB  (5970,10)
57.18armB  (5970,10)
57.20armB  (5970,10)
57.22armB  (5970,10)
57.24armB  (5970,10)
57.26armB  (5970,10)
57.28armB  (5970,10)
57.30armB  (5970,10)
57.32armB  (5970,10)
57.34armB  (5970,10)
58.05armB  (5970,10)
58.07armB  (5970,10)
58.09armB  (5970,10)
58.11armB  (5970,10)
58.13armB  (5970,10)
58.15armB  (5970,10)
58.17armB  (5970,10)
58.19armB  (5970,10)
58.21armB  (5970,10)
58.23armB  (5970,10)
58.25armB  (5970,10)
58.27armB  (5970,10)
58.29armB  (5970,10)
58.31armB  (5970,10)
59.04armB  (5970,10)
59.06armB  (5970,10)
59.08armB  (5970,10)
59.10armB  (5970,10)
59.12armB  (5970,10)
59.14armB  (5970,10)
59.16armB  (5970,10)
59.18armB  (5970,10)
59.20armB  (5970,10)
59.22armB  (5970,10)
59.24armB  (5970,10)
59.26armB  (5970,10)
59.28armB  (5970,10)
59.30armB  (5970,10)
59.32armB  (5970,10)
60.05armB  (5970,10)
60.07armB  (5970,10)
60.09armB  (5970,10)
60.11armB  (5970,10)
60.13armB  (5970,10)
60.15armB  (5970,10)
60.17armB  (5970,10)
60.19armB  (5970,10)
60.21armB  (5970,10)
60.23armB  (5970,10)
60.25armB  (5970,10)
60.27armB  (5970,10)
60.29armB  (5970,10)
60.31armB  (5970,10)
61.04armB  (5970,10)
61.06armB  (5970,10)
61.08armB  (5970,10)
61.10armB  (5970,10)
61.12armB  (5970,10)
61.14armB  (5970,10)
61.16armB  (5970,10)
61.18armB  (5970,10)
61.20armB  (5970,10)
61.22armB  (5970,10)
61.24armB  (5970,10)
61.26armB  (5970,10)
61.28armB  (5970,10)
61.30armB  (5970,10)
61.32armB  (5970,10)
62.05armB  (5970,10)
62.07armB  (5970,10)
62.09armB  (5970,10)
62.11armB  (5970,10)
62.13armB  (5970,10)
62.15armB  (5970,10)
62.17armB  (5970,10)
62.19armB  (5970,10)
62.21armB  (5970,10)
62.23armB  (5970,10)
62.25armB  (5970,10)
62.27armB  (5970,10)
62.29armB  (5970,10)
62.31armB  (5970,10)
63.04armB  (5970,10)
63.06armB  (5970,10)
63.08armB  (5970,10)
63.10armB  (5970,10)
63.12armB  (5970,10)
63.14armB  (5970,10)
63.16armB  (5970,10)
63.18armB  (5970,10)
63.20armB  (5970,10)
63.22armB  (5970,10)
63.24armB  (5970,10)
63.26armB  (5970,10)
63.28armB  (5970,10)
63.30armB  (5970,10)
63.32armB  (5970,10)
64.03armB  (5970,10)
64.05armB  (5970,10)
64.07armB  (5970,10)
64.09armB  (5970,10)
64.11armB  (5970,10)
64.17armB  (5970,10)
64.21armB  (5970,10)
64.23armB  (5970,10)
64.25armB  (5970,10)
64.27armB  (5970,10)
64.29armB  (5970,10)
64.31armB  (5970,10)
64.33armB  (5970,10)
65.04armB  (5970,10)
65.06armB  (5970,10)
65.08armB  (5970,10)
65.10armB  (5970,10)
65.22armB  (5970,10)
65.24armB  (5970,10)
65.26armB  (5970,10)
65.28armB  (5970,10)
65.30armB  (5970,10)
65.32armB  (5970,10)
66.03armB  (5970,10)
66.05armB  (5970,10)
66.07armB  (5970,10)
66.09armB  (5970,10)
66.21armB  (5970,10)
66.23armB  (5970,10)
66.25armB  (5970,10)
66.27armB  (5970,10)
66.29armB  (5970,10)
66.31armB  (5970,10)
66.33armB  (5970,10)
67.02armB  (5970,10)
67.04armB  (5970,10)
67.06armB  (5970,10)
67.08armB  (5970,10)
67.10armB  (5970,10)
67.26armB  (5970,10)
67.28armB  (5970,10)
67.30armB  (5970,10)
68.01armB  (5970,10)
68.03armB  (5970,10)
68.05armB  (5970,10)
68.07armB  (5970,10)
68.09armB  (5970,10)
68.27armB  (5970,10)
68.29armB  (5970,10)
68.31armB  (5970,10)

01.02armG  (5970,10)
01.04armG  (5970,10)
01.06armG  (5970,10)
01.10armG  (5970,10)
01.12armG  (5970,10)
01.14armG  (5970,10)
01.16armG  (5970,10)
01.18armG  (5970,10)
02.01armG  (5970,10)
02.03armG  (5970,10)
02.05armG  (5970,10)
02.07armG  (5970,10)
02.09armG  (5970,10)
02.11armG  (5970,10)
02.13armG  (5970,10)
02.15armG  (5970,10)
02.17armG  (5970,10)
02.19armG  (5970,10)
03.02armG  (5970,10)
03.04armG  (5970,10)
03.06armG  (5970,10)
03.08armG  (5970,10)
03.10armG  (5970,10)
03.12armG  (5970,10)
03.14armG  (5970,10)
03.16armG  (5970,10)
03.18armG  (5970,10)
03.20armG  (5970,10)
04.01armG  (5970,10)
04.03armG  (5970,10)
04.05armG  (5970,10)
04.07armG  (5970,10)
04.09armG  (5970,10)
04.11armG  (5970,10)
04.13armG  (5970,10)
04.15armG  (5970,10)
04.17armG  (5970,10)
04.19armG  (5970,10)
04.21armG  (5970,10)
04.23armG  (5970,10)
05.02armG  (5970,10)
05.04armG  (5970,10)
05.06armG  (5970,10)
05.08armG  (5970,10)
05.10armG  (5970,10)
05.12armG  (5970,10)
05.14armG  (5970,10)
05.16armG  (5970,10)
05.18armG  (5970,10)
05.20armG  (5970,10)
05.22armG  (5970,10)
05.24armG  (5970,10)
06.01armG  (5970,10)
06.03armG  (5970,10)
06.05armG  (5970,10)
06.07armG  (5970,10)
06.09armG  (5970,10)
06.11armG  (5970,10)
06.13armG  (5970,10)
06.15armG  (5970,10)
06.17armG  (5970,10)
06.19armG  (5970,10)
06.21armG  (5970,10)
06.23armG  (5970,10)
06.25armG  (5970,10)
07.02armG  (5970,10)
07.04armG  (5970,10)
07.06armG  (5970,10)
07.08armG  (5970,10)
07.10armG  (5970,10)
07.12armG  (5970,10)
07.14armG  (5970,10)
07.16armG  (5970,10)
07.18armG  (5970,10)
07.20armG  (5970,10)
07.22armG  (5970,10)
07.24armG  (5970,10)
07.26armG  (5970,10)
08.01armG  (5970,10)
08.03armG  (5970,10)
08.05armG  (5970,10)
08.07armG  (5970,10)
08.09armG  (5970,10)
08.11armG  (5970,10)
08.13armG  (5970,10)
08.15armG  (5970,10)
08.17armG  (5970,10)
08.19armG  (5970,10)
08.21armG  (5970,10)
08.23armG  (5970,10)
08.25armG  (5970,10)
09.02armG  (5970,10)
09.04armG  (5970,10)
09.06armG  (5970,10)
09.08armG  (5970,10)
09.10armG  (5970,10)
09.12armG  (5970,10)
09.14armG  (5970,10)
09.16armG  (5970,10)
09.18armG  (5970,10)
09.20armG  (5970,10)
09.22armG  (5970,10)
09.24armG  (5970,10)
09.26armG  (5970,10)
10.01armG  (5970,10)
10.03armG  (5970,10)
10.05armG  (5970,10)
10.07armG  (5970,10)
10.09armG  (5970,10)
10.11armG  (5970,10)
10.13armG  (5970,10)
10.15armG  (5970,10)
10.17armG  (5970,10)
10.19armG  (5970,10)
10.21armG  (5970,10)
10.23armG  (5970,10)
10.25armG  (5970,10)
10.27armG  (5970,10)
11.02armG  (5970,10)
11.04armG  (5970,10)
11.06armG  (5970,10)
11.08armG  (5970,10)
11.10armG  (5970,10)
11.12armG  (5970,10)
11.14armG  (5970,10)
11.16armG  (5970,10)
11.18armG  (5970,10)
11.20armG  (5970,10)
11.22armG  (5970,10)
11.24armG  (5970,10)
11.26armG  (5970,10)
11.28armG  (5970,10)
11.32armG  (5970,10)
12.01armG  (5970,10)
12.03armG  (5970,10)
12.05armG  (5970,10)
12.07armG  (5970,10)
12.09armG  (5970,10)
12.11armG  (5970,10)
12.13armG  (5970,10)
12.15armG  (5970,10)
12.17armG  (5970,10)
12.19armG  (5970,10)
12.21armG  (5970,10)
12.23armG  (5970,10)
12.25armG  (5970,10)
12.27armG  (5970,10)
12.29armG  (5970,10)
13.02armG  (5970,10)
13.04armG  (5970,10)
13.06armG  (5970,10)
13.08armG  (5970,10)
13.10armG  (5970,10)
13.12armG  (5970,10)
13.14armG  (5970,10)
13.16armG  (5970,10)
13.18armG  (5970,10)
13.20armG  (5970,10)
13.22armG  (5970,10)
13.24armG  (5970,10)
13.26armG  (5970,10)
13.28armG  (5970,10)
13.30armG  (5970,10)
13.32armG  (5970,10)
14.01armG  (5970,10)
14.03armG  (5970,10)
14.05armG  (5970,10)
14.07armG  (5970,10)
14.09armG  (5970,10)
14.11armG  (5970,10)
14.13armG  (5970,10)
14.15armG  (5970,10)
14.17armG  (5970,10)
14.19armG  (5970,10)
14.21armG  (5970,10)
14.23armG  (5970,10)
14.25armG  (5970,10)
14.27armG  (5970,10)
14.29armG  (5970,10)
14.31armG  (5970,10)
14.33armG  (5970,10)
15.02armG  (5970,10)
15.04armG  (5970,10)
15.06armG  (5970,10)
15.08armG  (5970,10)
15.10armG  (5970,10)
15.12armG  (5970,10)
15.14armG  (5970,10)
15.16armG  (5970,10)
15.18armG  (5970,10)
15.20armG  (5970,10)
15.22armG  (5970,10)
15.24armG  (5970,10)
15.26armG  (5970,10)
15.28armG  (5970,10)
15.30armG  (5970,10)
15.32armG  (5970,10)
15.34armG  (5970,10)
16.01armG  (5970,10)
16.03armG  (5970,10)
16.05armG  (5970,10)
16.07armG  (5970,10)
16.09armG  (5970,10)
16.11armG  (5970,10)
16.13armG  (5970,10)
16.15armG  (5970,10)
16.17armG  (5970,10)
16.19armG  (5970,10)
16.21armG  (5970,10)
16.23armG  (5970,10)
16.25armG  (5970,10)
16.27armG  (5970,10)
16.29armG  (5970,10)
16.31armG  (5970,10)
16.33armG  (5970,10)
17.02armG  (5970,10)
17.04armG  (5970,10)
17.06armG  (5970,10)
17.08armG  (5970,10)
17.10armG  (5970,10)
17.12armG  (5970,10)
17.14armG  (5970,10)
17.16armG  (5970,10)
17.18armG  (5970,10)
17.20armG  (5970,10)
17.22armG  (5970,10)
17.24armG  (5970,10)
17.26armG  (5970,10)
17.28armG  (5970,10)
17.30armG  (5970,10)
17.32armG  (5970,10)
17.34armG  (5970,10)
18.01armG  (5970,10)
18.03armG  (5970,10)
18.05armG  (5970,10)
18.07armG  (5970,10)
18.09armG  (5970,10)
18.11armG  (5970,10)
18.13armG  (5970,10)
18.15armG  (5970,10)
18.17armG  (5970,10)
18.19armG  (5970,10)
18.21armG  (5970,10)
18.23armG  (5970,10)
18.25armG  (5970,10)
18.27armG  (5970,10)
18.29armG  (5970,10)
18.31armG  (5970,10)
18.33armG  (5970,10)
19.02armG  (5970,10)
19.04armG  (5970,10)
19.06armG  (5970,10)
19.08armG  (5970,10)
19.10armG  (5970,10)
19.12armG  (5970,10)
19.14armG  (5970,10)
19.16armG  (5970,10)
19.18armG  (5970,10)
19.20armG  (5970,10)
19.22armG  (5970,10)
19.24armG  (5970,10)
19.26armG  (5970,10)
19.28armG  (5970,10)
19.30armG  (5970,10)
19.32armG  (5970,10)
19.34armG  (5970,10)
20.01armG  (5970,10)
20.03armG  (5970,10)
20.05armG  (5970,10)
20.07armG  (5970,10)
20.09armG  (5970,10)
20.11armG  (5970,10)
20.13armG  (5970,10)
20.15armG  (5970,10)
20.17armG  (5970,10)
20.19armG  (5970,10)
20.21armG  (5970,10)
20.23armG  (5970,10)
20.25armG  (5970,10)
20.27armG  (5970,10)
20.29armG  (5970,10)
20.31armG  (5970,10)
20.33armG  (5970,10)
21.02armG  (5970,10)
21.04armG  (5970,10)
21.06armG  (5970,10)
21.08armG  (5970,10)
21.10armG  (5970,10)
21.12armG  (5970,10)
21.14armG  (5970,10)
21.16armG  (5970,10)
21.18armG  (5970,10)
21.20armG  (5970,10)
21.22armG  (5970,10)
21.24armG  (5970,10)
21.26armG  (5970,10)
21.28armG  (5970,10)
21.30armG  (5970,10)
21.32armG  (5970,10)
21.34armG  (5970,10)
22.01armG  (5970,10)
22.03armG  (5970,10)
22.05armG  (5970,10)
22.07armG  (5970,10)
22.09armG  (5970,10)
22.11armG  (5970,10)
22.13armG  (5970,10)
22.15armG  (5970,10)
22.17armG  (5970,10)
22.19armG  (5970,10)
22.21armG  (5970,10)
22.23armG  (5970,10)
22.25armG  (5970,10)
22.27armG  (5970,10)
22.29armG  (5970,10)
22.31armG  (5970,10)
22.33armG  (5970,10)
23.02armG  (5970,10)
23.04armG  (5970,10)
23.06armG  (5970,10)
23.08armG  (5970,10)
23.10armG  (5970,10)
23.12armG  (5970,10)
23.14armG  (5970,10)
23.16armG  (5970,10)
23.18armG  (5970,10)
23.20armG  (5970,10)
23.22armG  (5970,10)
23.24armG  (5970,10)
23.26armG  (5970,10)
23.28armG  (5970,10)
23.30armG  (5970,10)
23.32armG  (5970,10)
23.34armG  (5970,10)
24.01armG  (5970,10)
24.03armG  (5970,10)
24.05armG  (5970,10)
24.07armG  (5970,10)
24.09armG  (5970,10)
24.11armG  (5970,10)
24.13armG  (5970,10)
24.15armG  (5970,10)
24.17armG  (5970,10)
24.19armG  (5970,10)
24.21armG  (5970,10)
24.23armG  (5970,10)
24.25armG  (5970,10)
24.27armG  (5970,10)
24.29armG  (5970,10)
24.31armG  (5970,10)
24.33armG  (5970,10)
25.02armG  (5970,10)
25.04armG  (5970,10)
25.06armG  (5970,10)
25.08armG  (5970,10)
25.10armG  (5970,10)
25.12armG  (5970,10)
25.14armG  (5970,10)
25.16armG  (5970,10)
25.18armG  (5970,10)
25.20armG  (5970,10)
25.22armG  (5970,10)
25.24armG  (5970,10)
25.26armG  (5970,10)
25.28armG  (5970,10)
25.30armG  (5970,10)
25.32armG  (5970,10)
25.34armG  (5970,10)
26.01armG  (5970,10)
26.03armG  (5970,10)
26.05armG  (5970,10)
26.07armG  (5970,10)
26.09armG  (5970,10)
26.11armG  (5970,10)
26.13armG  (5970,10)
26.15armG  (5970,10)
26.17armG  (5970,10)
26.19armG  (5970,10)
26.21armG  (5970,10)
26.23armG  (5970,10)
26.25armG  (5970,10)
26.27armG  (5970,10)
26.29armG  (5970,10)
26.31armG  (5970,10)
26.33armG  (5970,10)
27.02armG  (5970,10)
27.04armG  (5970,10)
27.06armG  (5970,10)
27.08armG  (5970,10)
27.10armG  (5970,10)
27.12armG  (5970,10)
27.14armG  (5970,10)
27.16armG  (5970,10)
27.18armG  (5970,10)
27.20armG  (5970,10)
27.22armG  (5970,10)
27.24armG  (5970,10)
27.26armG  (5970,10)
27.28armG  (5970,10)
27.30armG  (5970,10)
27.32armG  (5970,10)
27.34armG  (5970,10)
28.01armG  (5970,10)
28.03armG  (5970,10)
28.05armG  (5970,10)
28.07armG  (5970,10)
28.09armG  (5970,10)
28.11armG  (5970,10)
28.13armG  (5970,10)
28.15armG  (5970,10)
28.17armG  (5970,10)
28.19armG  (5970,10)
28.21armG  (5970,10)
28.23armG  (5970,10)
28.25armG  (5970,10)
28.27armG  (5970,10)
28.29armG  (5970,10)
28.31armG  (5970,10)
28.33armG  (5970,10)
29.02armG  (5970,10)
29.04armG  (5970,10)
29.06armG  (5970,10)
29.08armG  (5970,10)
29.10armG  (5970,10)
29.12armG  (5970,10)
29.14armG  (5970,10)
29.16armG  (5970,10)
29.18armG  (5970,10)
29.20armG  (5970,10)
29.22armG  (5970,10)
29.24armG  (5970,10)
29.26armG  (5970,10)
29.28armG  (5970,10)
29.30armG  (5970,10)
29.32armG  (5970,10)
29.34armG  (5970,10)
30.01armG  (5970,10)
30.03armG  (5970,10)
30.05armG  (5970,10)
30.07armG  (5970,10)
30.09armG  (5970,10)
30.11armG  (5970,10)
30.13armG  (5970,10)
30.15armG  (5970,10)
30.17armG  (5970,10)
30.19armG  (5970,10)
30.21armG  (5970,10)
30.23armG  (5970,10)
30.25armG  (5970,10)
30.27armG  (5970,10)
30.29armG  (5970,10)
30.31armG  (5970,10)
30.33armG  (5970,10)
31.02armG  (5970,10)
31.04armG  (5970,10)
31.06armG  (5970,10)
31.08armG  (5970,10)
31.10armG  (5970,10)
31.12armG  (5970,10)
31.14armG  (5970,10)
31.16armG  (5970,10)
31.18armG  (5970,10)
31.20armG  (5970,10)
31.22armG  (5970,10)
31.24armG  (5970,10)
31.26armG  (5970,10)
31.28armG  (5970,10)
31.30armG  (5970,10)
31.32armG  (5970,10)
31.34armG  (5970,10)
32.01armG  (5970,10)
32.03armG  (5970,10)
32.05armG  (5970,10)
32.07armG  (5970,10)
32.09armG  (5970,10)
32.11armG  (5970,10)
32.13armG  (5970,10)
32.15armG  (5970,10)
32.17armG  (5970,10)
32.19armG  (5970,10)
32.21armG  (5970,10)
32.23armG  (5970,10)
32.25armG  (5970,10)
32.27armG  (5970,10)
32.29armG  (5970,10)
32.31armG  (5970,10)
32.33armG  (5970,10)
33.02armG  (5970,10)
33.04armG  (5970,10)
33.06armG  (5970,10)
33.08armG  (5970,10)
33.10armG  (5970,10)
33.12armG  (5970,10)
33.14armG  (5970,10)
33.16armG  (5970,10)
33.18armG  (5970,10)
33.20armG  (5970,10)
33.22armG  (5970,10)
33.24armG  (5970,10)
33.26armG  (5970,10)
33.28armG  (5970,10)
33.30armG  (5970,10)
33.32armG  (5970,10)
33.34armG  (5970,10)
34.01armG  (5970,10)
34.03armG  (5970,10)
34.05armG  (5970,10)
34.07armG  (5970,10)
34.09armG  (5970,10)
34.11armG  (5970,10)
34.13armG  (5970,10)
34.15armG  (5970,10)
34.17armG  (5970,10)
34.19armG  (5970,10)
34.21armG  (5970,10)
34.23armG  (5970,10)
34.25armG  (5970,10)
34.27armG  (5970,10)
34.29armG  (5970,10)
34.31armG  (5970,10)
34.33armG  (5970,10)
35.02armG  (5970,10)
35.04armG  (5970,10)
35.06armG  (5970,10)
35.08armG  (5970,10)
35.10armG  (5970,10)
35.12armG  (5970,10)
35.14armG  (5970,10)
35.16armG  (5970,10)
35.18armG  (5970,10)
35.20armG  (5970,10)
35.22armG  (5970,10)
35.24armG  (5970,10)
35.26armG  (5970,10)
35.28armG  (5970,10)
35.30armG  (5970,10)
35.32armG  (5970,10)
35.34armG  (5970,10)
36.01armG  (5970,10)
36.03armG  (5970,10)
36.05armG  (5970,10)
36.07armG  (5970,10)
36.09armG  (5970,10)
36.11armG  (5970,10)
36.13armG  (5970,10)
36.15armG  (5970,10)
36.17armG  (5970,10)
36.19armG  (5970,10)
36.21armG  (5970,10)
36.23armG  (5970,10)
36.25armG  (5970,10)
36.27armG  (5970,10)
36.29armG  (5970,10)
36.31armG  (5970,10)
36.33armG  (5970,10)
37.02armG  (5970,10)
37.04armG  (5970,10)
37.06armG  (5970,10)
37.08armG  (5970,10)
37.10armG  (5970,10)
37.12armG  (5970,10)
37.14armG  (5970,10)
37.16armG  (5970,10)
37.18armG  (5970,10)
37.20armG  (5970,10)
37.22armG  (5970,10)
37.24armG  (5970,10)
37.26armG  (5970,10)
37.28armG  (5970,10)
37.30armG  (5970,10)
37.32armG  (5970,10)
37.34armG  (5970,10)
38.01armG  (5970,10)
38.03armG  (5970,10)
38.05armG  (5970,10)
38.07armG  (5970,10)
38.09armG  (5970,10)
38.11armG  (5970,10)
38.13armG  (5970,10)
38.15armG  (5970,10)
38.17armG  (5970,10)
38.19armG  (5970,10)
38.21armG  (5970,10)
38.23armG  (5970,10)
38.25armG  (5970,10)
38.27armG  (5970,10)
38.29armG  (5970,10)
38.31armG  (5970,10)
38.33armG  (5970,10)
39.02armG  (5970,10)
39.04armG  (5970,10)
39.06armG  (5970,10)
39.08armG  (5970,10)
39.10armG  (5970,10)
39.12armG  (5970,10)
39.14armG  (5970,10)
39.16armG  (5970,10)
39.18armG  (5970,10)
39.20armG  (5970,10)
39.22armG  (5970,10)
39.24armG  (5970,10)
39.26armG  (5970,10)
39.28armG  (5970,10)
39.30armG  (5970,10)
39.32armG  (5970,10)
39.34armG  (5970,10)
40.01armG  (5970,10)
40.03armG  (5970,10)
40.05armG  (5970,10)
40.07armG  (5970,10)
40.09armG  (5970,10)
40.11armG  (5970,10)
40.13armG  (5970,10)
40.15armG  (5970,10)
40.17armG  (5970,10)
40.19armG  (5970,10)
40.21armG  (5970,10)
40.23armG  (5970,10)
40.25armG  (5970,10)
40.27armG  (5970,10)
40.29armG  (5970,10)
40.31armG  (5970,10)
40.33armG  (5970,10)
41.02armG  (5970,10)
41.04armG  (5970,10)
41.06armG  (5970,10)
41.08armG  (5970,10)
41.10armG  (5970,10)
41.12armG  (5970,10)
41.14armG  (5970,10)
41.16armG  (5970,10)
41.18armG  (5970,10)
41.20armG  (5970,10)
41.22armG  (5970,10)
41.24armG  (5970,10)
41.26armG  (5970,10)
41.28armG  (5970,10)
41.30armG  (5970,10)
41.32armG  (5970,10)
41.34armG  (5970,10)
42.01armG  (5970,10)
42.03armG  (5970,10)
42.05armG  (5970,10)
42.07armG  (5970,10)
42.09armG  (5970,10)
42.11armG  (5970,10)
42.13armG  (5970,10)
42.15armG  (5970,10)
42.17armG  (5970,10)
42.19armG  (5970,10)
42.21armG  (5970,10)
42.23armG  (5970,10)
42.25armG  (5970,10)
42.27armG  (5970,10)
42.29armG  (5970,10)
42.31armG  (5970,10)
42.33armG  (5970,10)
43.02armG  (5970,10)
43.04armG  (5970,10)
43.06armG  (5970,10)
43.08armG  (5970,10)
43.10armG  (5970,10)
43.12armG  (5970,10)
43.14armG  (5970,10)
43.16armG  (5970,10)
43.18armG  (5970,10)
43.20armG  (5970,10)
43.22armG  (5970,10)
43.24armG  (5970,10)
43.26armG  (5970,10)
43.28armG  (5970,10)
43.30armG  (5970,10)
43.32armG  (5970,10)
43.34armG  (5970,10)
44.01armG  (5970,10)
44.03armG  (5970,10)
44.05armG  (5970,10)
44.07armG  (5970,10)
44.09armG  (5970,10)
44.11armG  (5970,10)
44.13armG  (5970,10)
44.15armG  (5970,10)
44.17armG  (5970,10)
44.19armG  (5970,10)
44.21armG  (5970,10)
44.23armG  (5970,10)
44.25armG  (5970,10)
44.27armG  (5970,10)
44.29armG  (5970,10)
44.31armG  (5970,10)
44.33armG  (5970,10)
45.02armG  (5970,10)
45.04armG  (5970,10)
45.06armG  (5970,10)
45.08armG  (5970,10)
45.10armG  (5970,10)
45.12armG  (5970,10)
45.14armG  (5970,10)
45.16armG  (5970,10)
45.18armG  (5970,10)
45.20armG  (5970,10)
45.22armG  (5970,10)
45.24armG  (5970,10)
45.26armG  (5970,10)
45.28armG  (5970,10)
45.30armG  (5970,10)
45.32armG  (5970,10)
45.34armG  (5970,10)
46.01armG  (5970,10)
46.03armG  (5970,10)
46.05armG  (5970,10)
46.07armG  (5970,10)
46.09armG  (5970,10)
46.11armG  (5970,10)
46.13armG  (5970,10)
46.15armG  (5970,10)
46.17armG  (5970,10)
46.19armG  (5970,10)
46.21armG  (5970,10)
46.23armG  (5970,10)
46.25armG  (5970,10)
46.27armG  (5970,10)
46.29armG  (5970,10)
46.31armG  (5970,10)
46.33armG  (5970,10)
47.02armG  (5970,10)
47.04armG  (5970,10)
47.06armG  (5970,10)
47.08armG  (5970,10)
47.10armG  (5970,10)
47.12armG  (5970,10)
47.14armG  (5970,10)
47.16armG  (5970,10)
47.18armG  (5970,10)
47.20armG  (5970,10)
47.22armG  (5970,10)
47.24armG  (5970,10)
47.26armG  (5970,10)
47.28armG  (5970,10)
47.30armG  (5970,10)
47.32armG  (5970,10)
47.34armG  (5970,10)
48.01armG  (5970,10)
48.03armG  (5970,10)
48.05armG  (5970,10)
48.07armG  (5970,10)
48.09armG  (5970,10)
48.11armG  (5970,10)
48.13armG  (5970,10)
48.15armG  (5970,10)
48.17armG  (5970,10)
48.19armG  (5970,10)
48.21armG  (5970,10)
48.23armG  (5970,10)
48.25armG  (5970,10)
48.27armG  (5970,10)
48.29armG  (5970,10)
48.31armG  (5970,10)
48.33armG  (5970,10)
49.02armG  (5970,10)
49.04armG  (5970,10)
49.06armG  (5970,10)
49.08armG  (5970,10)
49.10armG  (5970,10)
49.12armG  (5970,10)
49.14armG  (5970,10)
49.16armG  (5970,10)
49.18armG  (5970,10)
49.20armG  (5970,10)
49.22armG  (5970,10)
49.24armG  (5970,10)
49.26armG  (5970,10)
49.28armG  (5970,10)
49.30armG  (5970,10)
49.32armG  (5970,10)
49.34armG  (5970,10)
50.03armG  (5970,10)
50.05armG  (5970,10)
50.07armG  (5970,10)
50.09armG  (5970,10)
50.11armG  (5970,10)
50.13armG  (5970,10)
50.15armG  (5970,10)
50.17armG  (5970,10)
50.19armG  (5970,10)
50.21armG  (5970,10)
50.23armG  (5970,10)
50.25armG  (5970,10)
50.27armG  (5970,10)
50.29armG  (5970,10)
50.31armG  (5970,10)
50.33armG  (5970,10)
51.02armG  (5970,10)
51.04armG  (5970,10)
51.06armG  (5970,10)
51.08armG  (5970,10)
51.10armG  (5970,10)
51.12armG  (5970,10)
51.14armG  (5970,10)
51.16armG  (5970,10)
51.18armG  (5970,10)
51.20armG  (5970,10)
51.22armG  (5970,10)
51.24armG  (5970,10)
51.26armG  (5970,10)
51.28armG  (5970,10)
51.30armG  (5970,10)
51.32armG  (5970,10)
51.34armG  (5970,10)
52.03armG  (5970,10)
52.05armG  (5970,10)
52.07armG  (5970,10)
52.09armG  (5970,10)
52.11armG  (5970,10)
52.13armG  (5970,10)
52.15armG  (5970,10)
52.17armG  (5970,10)
52.19armG  (5970,10)
52.21armG  (5970,10)
52.23armG  (5970,10)
52.25armG  (5970,10)
52.27armG  (5970,10)
52.29armG  (5970,10)
52.31armG  (5970,10)
52.33armG  (5970,10)
53.04armG  (5970,10)
53.06armG  (5970,10)
53.08armG  (5970,10)
53.10armG  (5970,10)
53.12armG  (5970,10)
53.14armG  (5970,10)
53.16armG  (5970,10)
53.18armG  (5970,10)
53.20armG  (5970,10)
53.22armG  (5970,10)
53.24armG  (5970,10)
53.26armG  (5970,10)
53.28armG  (5970,10)
53.30armG  (5970,10)
53.32armG  (5970,10)
53.34armG  (5970,10)
54.03armG  (5970,10)
54.05armG  (5970,10)
54.07armG  (5970,10)
54.09armG  (5970,10)
54.11armG  (5970,10)
54.13armG  (5970,10)
54.15armG  (5970,10)
54.17armG  (5970,10)
54.19armG  (5970,10)
54.21armG  (5970,10)
54.23armG  (5970,10)
54.25armG  (5970,10)
54.27armG  (5970,10)
54.29armG  (5970,10)
54.31armG  (5970,10)
54.33armG  (5970,10)
55.04armG  (5970,10)
55.06armG  (5970,10)
55.08armG  (5970,10)
55.10armG  (5970,10)
55.12armG  (5970,10)
55.14armG  (5970,10)
55.16armG  (5970,10)
55.18armG  (5970,10)
55.20armG  (5970,10)
55.22armG  (5970,10)
55.24armG  (5970,10)
55.26armG  (5970,10)
55.28armG  (5970,10)
55.30armG  (5970,10)
55.32armG  (5970,10)
56.05armG  (5970,10)
56.07armG  (5970,10)
56.09armG  (5970,10)
56.11armG  (5970,10)
56.13armG  (5970,10)
56.15armG  (5970,10)
56.17armG  (5970,10)
56.19armG  (5970,10)
56.21armG  (5970,10)
56.23armG  (5970,10)
56.25armG  (5970,10)
56.27armG  (5970,10)
56.29armG  (5970,10)
56.31armG  (5970,10)
56.33armG  (5970,10)
57.04armG  (5970,10)
57.06armG  (5970,10)
57.08armG  (5970,10)
57.10armG  (5970,10)
57.12armG  (5970,10)
57.14armG  (5970,10)
57.16armG  (5970,10)
57.18armG  (5970,10)
57.20armG  (5970,10)
57.22armG  (5970,10)
57.24armG  (5970,10)
57.26armG  (5970,10)
57.28armG  (5970,10)
57.30armG  (5970,10)
57.32armG  (5970,10)
57.34armG  (5970,10)
58.05armG  (5970,10)
58.07armG  (5970,10)
58.09armG  (5970,10)
58.11armG  (5970,10)
58.13armG  (5970,10)
58.15armG  (5970,10)
58.17armG  (5970,10)
58.19armG  (5970,10)
58.21armG  (5970,10)
58.23armG  (5970,10)
58.25armG  (5970,10)
58.27armG  (5970,10)
58.29armG  (5970,10)
58.31armG  (5970,10)
59.04armG  (5970,10)
59.06armG  (5970,10)
59.08armG  (5970,10)
59.10armG  (5970,10)
59.12armG  (5970,10)
59.14armG  (5970,10)
59.16armG  (5970,10)
59.18armG  (5970,10)
59.20armG  (5970,10)
59.22armG  (5970,10)
59.24armG  (5970,10)
59.26armG  (5970,10)
59.28armG  (5970,10)
59.30armG  (5970,10)
59.32armG  (5970,10)
60.05armG  (5970,10)
60.07armG  (5970,10)
60.09armG  (5970,10)
60.11armG  (5970,10)
60.13armG  (5970,10)
60.15armG  (5970,10)
60.17armG  (5970,10)
60.19armG  (5970,10)
60.21armG  (5970,10)
60.23armG  (5970,10)
60.25armG  (5970,10)
60.27armG  (5970,10)
60.29armG  (5970,10)
60.31armG  (5970,10)
61.04armG  (5970,10)
61.06armG  (5970,10)
61.08armG  (5970,10)
61.10armG  (5970,10)
61.12armG  (5970,10)
61.14armG  (5970,10)
61.16armG  (5970,10)
61.18armG  (5970,10)
61.20armG  (5970,10)
61.22armG  (5970,10)
61.24armG  (5970,10)
61.26armG  (5970,10)
61.28armG  (5970,10)
61.30armG  (5970,10)
61.32armG  (5970,10)
62.05armG  (5970,10)
62.07armG  (5970,10)
62.09armG  (5970,10)
62.11armG  (5970,10)
62.13armG  (5970,10)
62.15armG  (5970,10)
62.17armG  (5970,10)
62.19armG  (5970,10)
62.21armG  (5970,10)
62.23armG  (5970,10)
62.25armG  (5970,10)
62.27armG  (5970,10)
62.29armG  (5970,10)
62.31armG  (5970,10)
63.04armG  (5970,10)
63.06armG  (5970,10)
63.08armG  (5970,10)
63.10armG  (5970,10)
63.12armG  (5970,10)
63.14armG  (5970,10)
63.16armG  (5970,10)
63.18armG  (5970,10)
63.20armG  (5970,10)
63.22armG  (5970,10)
63.24armG  (5970,10)
63.26armG  (5970,10)
63.28armG  (5970,10)
63.30armG  (5970,10)
63.32armG  (5970,10)
64.03armG  (5970,10)
64.05armG  (5970,10)
64.07armG  (5970,10)
64.09armG  (5970,10)
64.11armG  (5970,10)
64.17armG  (5970,10)
64.21armG  (5970,10)
64.23armG  (5970,10)
64.25armG  (5970,10)
64.27armG  (5970,10)
64.29armG  (5970,10)
64.31armG  (5970,10)
64.33armG  (5970,10)
65.04armG  (5970,10)
65.06armG  (5970,10)
65.08armG  (5970,10)
65.10armG  (5970,10)
65.22armG  (5970,10)
65.24armG  (5970,10)
65.26armG  (5970,10)
65.28armG  (5970,10)
65.30armG  (5970,10)
65.32armG  (5970,10)
66.03armG  (5970,10)
66.05armG  (5970,10)
66.07armG  (5970,10)
66.09armG  (5970,10)
66.21armG  (5970,10)
66.23armG  (5970,10)
66.25armG  (5970,10)
66.27armG  (5970,10)
66.29armG  (5970,10)
66.31armG  (5970,10)
66.33armG  (5970,10)
67.02armG  (5970,10)
67.04armG  (5970,10)
67.06armG  (5970,10)
67.08armG  (5970,10)
67.10armG  (5970,10)
67.26armG  (5970,10)
67.28armG  (5970,10)
67.30armG  (5970,10)
68.01armG  (5970,10)
68.03armG  (5970,10)
68.05armG  (5970,10)
68.07armG  (5970,10)
68.09armG  (5970,10)
68.27armG  (5970,10)
68.29armG  (5970,10)
68.31armG  (5970,10)
