02.01  (174,101)
04.01  (348,101)
06.01  (522,101)
08.01  (696,101)
10.01  (870,101)
12.01  (1044,101)
14.01  (1218,101)
16.01  (1392,101)
18.01  (1566,101)
20.01  (1740,101)
22.01  (1914,101)
24.01  (2088,101)
26.01  (2262,101)
28.01  (2436,101)
30.01  (2610,101)
32.01  (2784,101)
34.01  (2958,101)
36.01  (3132,101)
38.01  (3306,101)
40.01  (3480,101)
42.01  (3654,101)
44.01  (3828,101)
46.01  (4002,101)
48.01  (4176,101)
50.01  (4350,101)
52.01  (4524,101)
54.01  (4698,101)
56.01  (4872,101)
58.01  (5046,101)
60.01  (5220,101)
62.01  (5394,101)
64.01  (5568,101)
66.01  (5742,101)
68.01  (5916,101)

02.03  (174,401)
04.03  (348,401)
06.03  (522,401)
08.03  (696,401)
10.03  (870,401)
12.03  (1044,401)
14.03  (1218,401)
16.03  (1392,401)
18.03  (1566,401)
20.03  (1740,401)
22.03  (1914,401)
24.03  (2088,401)
26.03  (2262,401)
28.03  (2436,401)
30.03  (2610,401)
32.03  (2784,401)
34.03  (2958,401)
36.03  (3132,401)
38.03  (3306,401)
40.03  (3480,401)
42.03  (3654,401)
44.03  (3828,401)
46.03  (4002,401)
48.03  (4176,401)
50.03  (4350,401)
52.03  (4524,401)
54.03  (4698,401)
56.03  (4872,401)
58.03  (5046,401)
60.03  (5220,401)
62.03  (5394,401)
64.03  (5568,401)
66.03  (5742,401)
68.03  (5916,401)

02.05  (174,701)
04.05  (348,701)
06.05  (522,701)
08.05  (696,701)
10.05  (870,701)
12.05  (1044,701)
14.05  (1218,701)
16.05  (1392,701)
18.05  (1566,701)
20.05  (1740,701)
22.05  (1914,701)
24.05  (2088,701)
26.05  (2262,701)
28.05  (2436,701)
30.05  (2610,701)
32.05  (2784,701)
34.05  (2958,701)
36.05  (3132,701)
38.05  (3306,701)
40.05  (3480,701)
42.05  (3654,701)
44.05  (3828,701)
46.05  (4002,701)
48.05  (4176,701)
50.05  (4350,701)
52.05  (4524,701)
54.05  (4698,701)
56.05  (4872,701)
58.05  (5046,701)
60.05  (5220,701)
62.05  (5394,701)
64.05  (5568,701)
66.05  (5742,701)
68.05  (5916,701)

02.07  (174,1001)
04.07  (348,1001)
06.07  (522,1001)
08.07  (696,1001)
10.07  (870,1001)
12.07  (1044,1001)
14.07  (1218,1001)
16.07  (1392,1001)
18.07  (1566,1001)
20.07  (1740,1001)
22.07  (1914,1001)
24.07  (2088,1001)
26.07  (2262,1001)
28.07  (2436,1001)
30.07  (2610,1001)
32.07  (2784,1001)
34.07  (2958,1001)
36.07  (3132,1001)
38.07  (3306,1001)
40.07  (3480,1001)
42.07  (3654,1001)
44.07  (3828,1001)
46.07  (4002,1001)
48.07  (4176,1001)
50.07  (4350,1001)
52.07  (4524,1001)
54.07  (4698,1001)
56.07  (4872,1001)
58.07  (5046,1001)
60.07  (5220,1001)
62.07  (5394,1001)
64.07  (5568,1001)
66.07  (5742,1001)
68.07  (5916,1001)

02.09  (174,1301)
04.09  (348,1301)
06.09  (522,1301)
08.09  (696,1301)
10.09  (870,1301)
12.09  (1044,1301)
14.09  (1218,1301)
16.09  (1392,1301)
18.09  (1566,1301)
20.09  (1740,1301)
22.09  (1914,1301)
24.09  (2088,1301)
26.09  (2262,1301)
28.09  (2436,1301)
30.09  (2610,1301)
32.09  (2784,1301)
34.09  (2958,1301)
36.09  (3132,1301)
38.09  (3306,1301)
40.09  (3480,1301)
42.09  (3654,1301)
44.09  (3828,1301)
46.09  (4002,1301)
48.09  (4176,1301)
50.09  (4350,1301)
52.09  (4524,1301)
54.09  (4698,1301)
56.09  (4872,1301)
58.09  (5046,1301)
60.09  (5220,1301)
62.09  (5394,1301)
64.09  (5568,1301)
66.09  (5742,1301)
68.09  (5916,1301)

02.11  (174,1601)
04.11  (348,1601)
06.11  (522,1601)
08.11  (696,1601)
10.11  (870,1601)
12.11  (1044,1601)
14.11  (1218,1601)
16.11  (1392,1601)
18.11  (1566,1601)
20.11  (1740,1601)
22.11  (1914,1601)
24.11  (2088,1601)
26.11  (2262,1601)
28.11  (2436,1601)
30.11  (2610,1601)
32.11  (2784,1601)
34.11  (2958,1601)
36.11  (3132,1601)
38.11  (3306,1601)
40.11  (3480,1601)
42.11  (3654,1601)
44.11  (3828,1601)
46.11  (4002,1601)
48.11  (4176,1601)
50.11  (4350,1601)
52.11  (4524,1601)
54.11  (4698,1601)
56.11  (4872,1601)
58.11  (5046,1601)
60.11  (5220,1601)
62.11  (5394,1601)
64.11  (5568,1601)
66.11  (5742,1601)
68.11  (5916,1601)

02.13  (174,1901)
04.13  (348,1901)
06.13  (522,1901)
08.13  (696,1901)
10.13  (870,1901)
12.13  (1044,1901)
14.13  (1218,1901)
16.13  (1392,1901)
18.13  (1566,1901)
20.13  (1740,1901)
22.13  (1914,1901)
24.13  (2088,1901)
26.13  (2262,1901)
28.13  (2436,1901)
30.13  (2610,1901)
32.13  (2784,1901)
34.13  (2958,1901)
36.13  (3132,1901)
38.13  (3306,1901)
40.13  (3480,1901)
42.13  (3654,1901)
44.13  (3828,1901)
46.13  (4002,1901)
48.13  (4176,1901)
50.13  (4350,1901)
52.13  (4524,1901)
54.13  (4698,1901)
56.13  (4872,1901)
58.13  (5046,1901)
60.13  (5220,1901)
62.13  (5394,1901)
64.13  (5568,1901)
66.13  (5742,1901)
68.13  (5916,1901)

02.15  (174,2201)
04.15  (348,2201)
06.15  (522,2201)
08.15  (696,2201)
10.15  (870,2201)
12.15  (1044,2201)
14.15  (1218,2201)
16.15  (1392,2201)
18.15  (1566,2201)
20.15  (1740,2201)
22.15  (1914,2201)
24.15  (2088,2201)
26.15  (2262,2201)
28.15  (2436,2201)
30.15  (2610,2201)
32.15  (2784,2201)
34.15  (2958,2201)
36.15  (3132,2201)
38.15  (3306,2201)
40.15  (3480,2201)
42.15  (3654,2201)
44.15  (3828,2201)
46.15  (4002,2201)
48.15  (4176,2201)
50.15  (4350,2201)
52.15  (4524,2201)
54.15  (4698,2201)
56.15  (4872,2201)
58.15  (5046,2201)
60.15  (5220,2201)
62.15  (5394,2201)
64.15  (5568,2201)
66.15  (5742,2201)
68.15  (5916,2201)

02.17  (174,2501)
04.17  (348,2501)
06.17  (522,2501)
08.17  (696,2501)
10.17  (870,2501)
12.17  (1044,2501)
14.17  (1218,2501)
16.17  (1392,2501)
18.17  (1566,2501)
20.17  (1740,2501)
22.17  (1914,2501)
24.17  (2088,2501)
26.17  (2262,2501)
28.17  (2436,2501)
30.17  (2610,2501)
32.17  (2784,2501)
34.17  (2958,2501)
36.17  (3132,2501)
38.17  (3306,2501)
40.17  (3480,2501)
42.17  (3654,2501)
44.17  (3828,2501)
46.17  (4002,2501)
48.17  (4176,2501)
50.17  (4350,2501)
52.17  (4524,2501)
54.17  (4698,2501)
56.17  (4872,2501)
58.17  (5046,2501)
60.17  (5220,2501)
62.17  (5394,2501)
64.17  (5568,2501)
66.17  (5742,2501)
68.17  (5916,2501)

02.19  (174,2801)
04.19  (348,2801)
06.19  (522,2801)
08.19  (696,2801)
10.19  (870,2801)
12.19  (1044,2801)
14.19  (1218,2801)
16.19  (1392,2801)
18.19  (1566,2801)
20.19  (1740,2801)
22.19  (1914,2801)
24.19  (2088,2801)
26.19  (2262,2801)
28.19  (2436,2801)
30.19  (2610,2801)
32.19  (2784,2801)
34.19  (2958,2801)
36.19  (3132,2801)
38.19  (3306,2801)
40.19  (3480,2801)
42.19  (3654,2801)
44.19  (3828,2801)
46.19  (4002,2801)
48.19  (4176,2801)
50.19  (4350,2801)
52.19  (4524,2801)
54.19  (4698,2801)
56.19  (4872,2801)
58.19  (5046,2801)
60.19  (5220,2801)
62.19  (5394,2801)
64.19  (5568,2801)
66.19  (5742,2801)
68.19  (5916,2801)

04.21  (348,3101)
06.21  (522,3101)
08.21  (696,3101)
10.21  (870,3101)
12.21  (1044,3101)
14.21  (1218,3101)
16.21  (1392,3101)
18.21  (1566,3101)
20.21  (1740,3101)
22.21  (1914,3101)
24.21  (2088,3101)
26.21  (2262,3101)
28.21  (2436,3101)
30.21  (2610,3101)
32.21  (2784,3101)
34.21  (2958,3101)
36.21  (3132,3101)
38.21  (3306,3101)
40.21  (3480,3101)
42.21  (3654,3101)
44.21  (3828,3101)
46.21  (4002,3101)
48.21  (4176,3101)
50.21  (4350,3101)
52.21  (4524,3101)
54.21  (4698,3101)
56.21  (4872,3101)
58.21  (5046,3101)
60.21  (5220,3101)
62.21  (5394,3101)
64.21  (5568,3101)
66.21  (5742,3101)
68.21  (5916,3101)

02.23  (174,3401)
04.23  (348,3401)
06.23  (522,3401)
08.23  (696,3401)
10.23  (870,3401)
12.23  (1044,3401)
14.23  (1218,3401)
16.23  (1392,3401)
18.23  (1566,3401)
20.23  (1740,3401)
22.23  (1914,3401)
24.23  (2088,3401)
26.23  (2262,3401)
28.23  (2436,3401)
30.23  (2610,3401)
32.23  (2784,3401)
34.23  (2958,3401)
36.23  (3132,3401)
38.23  (3306,3401)
40.23  (3480,3401)
42.23  (3654,3401)
44.23  (3828,3401)
46.23  (4002,3401)
48.23  (4176,3401)
50.23  (4350,3401)
52.23  (4524,3401)
54.23  (4698,3401)
56.23  (4872,3401)
58.23  (5046,3401)
60.23  (5220,3401)
62.23  (5394,3401)
64.23  (5568,3401)
66.23  (5742,3401)
68.23  (5916,3401)

02.25  (174,3701)
04.25  (348,3701)
06.25  (522,3701)
08.25  (696,3701)
10.25  (870,3701)
12.25  (1044,3701)
14.25  (1218,3701)
16.25  (1392,3701)
18.25  (1566,3701)
20.25  (1740,3701)
22.25  (1914,3701)
24.25  (2088,3701)
26.25  (2262,3701)
28.25  (2436,3701)
30.25  (2610,3701)
32.25  (2784,3701)
34.25  (2958,3701)
36.25  (3132,3701)
38.25  (3306,3701)
40.25  (3480,3701)
42.25  (3654,3701)
44.25  (3828,3701)
46.25  (4002,3701)
48.25  (4176,3701)
50.25  (4350,3701)
52.25  (4524,3701)
54.25  (4698,3701)
56.25  (4872,3701)
58.25  (5046,3701)
60.25  (5220,3701)
62.25  (5394,3701)
64.25  (5568,3701)
66.25  (5742,3701)
68.25  (5916,3701)

02.27  (174,4001)
04.27  (348,4001)
06.27  (522,4001)
08.27  (696,4001)
10.27  (870,4001)
12.27  (1044,4001)
14.27  (1218,4001)
16.27  (1392,4001)
18.27  (1566,4001)
20.27  (1740,4001)
22.27  (1914,4001)
24.27  (2088,4001)
26.27  (2262,4001)
28.27  (2436,4001)
30.27  (2610,4001)
32.27  (2784,4001)
34.27  (2958,4001)
36.27  (3132,4001)
38.27  (3306,4001)
40.27  (3480,4001)
42.27  (3654,4001)
44.27  (3828,4001)
46.27  (4002,4001)
48.27  (4176,4001)
50.27  (4350,4001)
52.27  (4524,4001)
54.27  (4698,4001)
56.27  (4872,4001)
58.27  (5046,4001)
60.27  (5220,4001)
62.27  (5394,4001)
64.27  (5568,4001)
66.27  (5742,4001)
68.27  (5916,4001)

04.29  (348,4301)
06.29  (522,4301)
08.29  (696,4301)
10.29  (870,4301)
12.29  (1044,4301)
14.29  (1218,4301)
16.29  (1392,4301)
18.29  (1566,4301)
20.29  (1740,4301)
22.29  (1914,4301)
24.29  (2088,4301)
26.29  (2262,4301)
28.29  (2436,4301)
30.29  (2610,4301)
32.29  (2784,4301)
34.29  (2958,4301)
36.29  (3132,4301)
38.29  (3306,4301)
40.29  (3480,4301)
42.29  (3654,4301)
44.29  (3828,4301)
46.29  (4002,4301)
48.29  (4176,4301)
50.29  (4350,4301)
52.29  (4524,4301)
54.29  (4698,4301)
56.29  (4872,4301)
58.29  (5046,4301)
60.29  (5220,4301)
62.29  (5394,4301)
64.29  (5568,4301)
66.29  (5742,4301)
68.29  (5916,4301)

02.31  (174,4601)
04.31  (348,4601)
06.31  (522,4601)
08.31  (696,4601)
10.31  (870,4601)
12.31  (1044,4601)
14.31  (1218,4601)
16.31  (1392,4601)
18.31  (1566,4601)
20.31  (1740,4601)
22.31  (1914,4601)
24.31  (2088,4601)
26.31  (2262,4601)
28.31  (2436,4601)
30.31  (2610,4601)
32.31  (2784,4601)
34.31  (2958,4601)
36.31  (3132,4601)
38.31  (3306,4601)
40.31  (3480,4601)
42.31  (3654,4601)
44.31  (3828,4601)
46.31  (4002,4601)
48.31  (4176,4601)
50.31  (4350,4601)
52.31  (4524,4601)
54.31  (4698,4601)
56.31  (4872,4601)
58.31  (5046,4601)
60.31  (5220,4601)
62.31  (5394,4601)
64.31  (5568,4601)
66.31  (5742,4601)
68.31  (5916,4601)

02.33  (174,4901)
04.33  (348,4901)
06.33  (522,4901)
08.33  (696,4901)
10.33  (870,4901)
12.33  (1044,4901)
14.33  (1218,4901)
16.33  (1392,4901)
18.33  (1566,4901)
20.33  (1740,4901)
22.33  (1914,4901)
24.33  (2088,4901)
26.33  (2262,4901)
28.33  (2436,4901)
30.33  (2610,4901)
32.33  (2784,4901)
34.33  (2958,4901)
36.33  (3132,4901)
38.33  (3306,4901)
40.33  (3480,4901)
42.33  (3654,4901)
44.33  (3828,4901)
46.33  (4002,4901)
48.33  (4176,4901)
50.33  (4350,4901)
52.33  (4524,4901)
54.33  (4698,4901)
56.33  (4872,4901)
58.33  (5046,4901)
60.33  (5220,4901)
62.33  (5394,4901)
64.33  (5568,4901)
66.33  (5742,4901)
68.33  (5916,4901)



01.02  (87,251)
03.02  (261,251)
05.02  (435,251)
07.02  (609,251)
09.02  (783,251)
11.02  (957,251)
13.02  (1131,251)
15.02  (1305,251)
17.02  (1479,251)
19.02  (1653,251)
21.02  (1827,251)
23.02  (2001,251)
25.02  (2175,251)
27.02  (2349,251)
29.02  (2523,251)
31.02  (2697,251)
33.02  (2871,251)
35.02  (3045,251)
37.02  (3219,251)
39.02  (3393,251)
41.02  (3567,251)
43.02  (3741,251)
45.02  (3915,251)
47.02  (4089,251)
49.02  (4263,251)
51.02  (4437,251)
53.02  (4611,251)
55.02  (4785,251)
57.02  (4959,251)
59.02  (5133,251)
61.02  (5307,251)
63.02  (5481,251)
65.02  (5655,251)
67.02  (5829,251)

01.04  (87,551)
03.04  (261,551)
05.04  (435,551)
07.04  (609,551)
09.04  (783,551)
11.04  (957,551)
13.04  (1131,551)
15.04  (1305,551)
17.04  (1479,551)
19.04  (1653,551)
21.04  (1827,551)
23.04  (2001,551)
25.04  (2175,551)
27.04  (2349,551)
29.04  (2523,551)
31.04  (2697,551)
33.04  (2871,551)
35.04  (3045,551)
37.04  (3219,551)
39.04  (3393,551)
41.04  (3567,551)
43.04  (3741,551)
45.04  (3915,551)
47.04  (4089,551)
49.04  (4263,551)
51.04  (4437,551)
53.04  (4611,551)
55.04  (4785,551)
57.04  (4959,551)
59.04  (5133,551)
61.04  (5307,551)
63.04  (5481,551)
65.04  (5655,551)
67.04  (5829,551)

01.06  (87,851)
03.06  (261,851)
05.06  (435,851)
07.06  (609,851)
09.06  (783,851)
11.06  (957,851)
13.06  (1131,851)
15.06  (1305,851)
17.06  (1479,851)
19.06  (1653,851)
21.06  (1827,851)
23.06  (2001,851)
25.06  (2175,851)
27.06  (2349,851)
29.06  (2523,851)
31.06  (2697,851)
33.06  (2871,851)
35.06  (3045,851)
37.06  (3219,851)
39.06  (3393,851)
41.06  (3567,851)
43.06  (3741,851)
45.06  (3915,851)
47.06  (4089,851)
49.06  (4263,851)
51.06  (4437,851)
53.06  (4611,851)
55.06  (4785,851)
57.06  (4959,851)
59.06  (5133,851)
61.06  (5307,851)
63.06  (5481,851)
65.06  (5655,851)
67.06  (5829,851)

01.08  (87,1151)
03.08  (261,1151)
05.08  (435,1151)
07.08  (609,1151)
09.08  (783,1151)
11.08  (957,1151)
13.08  (1131,1151)
15.08  (1305,1151)
17.08  (1479,1151)
19.08  (1653,1151)
21.08  (1827,1151)
23.08  (2001,1151)
25.08  (2175,1151)
27.08  (2349,1151)
29.08  (2523,1151)
31.08  (2697,1151)
33.08  (2871,1151)
35.08  (3045,1151)
37.08  (3219,1151)
39.08  (3393,1151)
41.08  (3567,1151)
43.08  (3741,1151)
45.08  (3915,1151)
47.08  (4089,1151)
49.08  (4263,1151)
51.08  (4437,1151)
53.08  (4611,1151)
55.08  (4785,1151)
57.08  (4959,1151)
59.08  (5133,1151)
61.08  (5307,1151)
63.08  (5481,1151)
65.08  (5655,1151)
67.08  (5829,1151)

01.10  (87,1451)
03.10  (261,1451)
05.10  (435,1451)
07.10  (609,1451)
09.10  (783,1451)
11.10  (957,1451)
13.10  (1131,1451)
15.10  (1305,1451)
17.10  (1479,1451)
19.10  (1653,1451)
21.10  (1827,1451)
23.10  (2001,1451)
25.10  (2175,1451)
27.10  (2349,1451)
29.10  (2523,1451)
31.10  (2697,1451)
33.10  (2871,1451)
35.10  (3045,1451)
37.10  (3219,1451)
39.10  (3393,1451)
41.10  (3567,1451)
43.10  (3741,1451)
45.10  (3915,1451)
47.10  (4089,1451)
49.10  (4263,1451)
51.10  (4437,1451)
53.10  (4611,1451)
55.10  (4785,1451)
57.10  (4959,1451)
59.10  (5133,1451)
61.10  (5307,1451)
63.10  (5481,1451)
65.10  (5655,1451)
67.10  (5829,1451)

01.12  (87,1751)
03.12  (261,1751)
05.12  (435,1751)
07.12  (609,1751)
09.12  (783,1751)
11.12  (957,1751)
13.12  (1131,1751)
15.12  (1305,1751)
17.12  (1479,1751)
19.12  (1653,1751)
21.12  (1827,1751)
23.12  (2001,1751)
25.12  (2175,1751)
27.12  (2349,1751)
29.12  (2523,1751)
31.12  (2697,1751)
33.12  (2871,1751)
35.12  (3045,1751)
37.12  (3219,1751)
39.12  (3393,1751)
41.12  (3567,1751)
43.12  (3741,1751)
45.12  (3915,1751)
47.12  (4089,1751)
49.12  (4263,1751)
51.12  (4437,1751)
53.12  (4611,1751)
55.12  (4785,1751)
57.12  (4959,1751)
59.12  (5133,1751)
61.12  (5307,1751)
63.12  (5481,1751)
65.12  (5655,1751)
67.12  (5829,1751)

01.14  (87,2051)
03.14  (261,2051)
05.14  (435,2051)
07.14  (609,2051)
09.14  (783,2051)
11.14  (957,2051)
13.14  (1131,2051)
15.14  (1305,2051)
17.14  (1479,2051)
19.14  (1653,2051)
21.14  (1827,2051)
23.14  (2001,2051)
25.14  (2175,2051)
27.14  (2349,2051)
29.14  (2523,2051)
31.14  (2697,2051)
33.14  (2871,2051)
35.14  (3045,2051)
37.14  (3219,2051)
39.14  (3393,2051)
41.14  (3567,2051)
43.14  (3741,2051)
45.14  (3915,2051)
47.14  (4089,2051)
49.14  (4263,2051)
51.14  (4437,2051)
53.14  (4611,2051)
55.14  (4785,2051)
57.14  (4959,2051)
59.14  (5133,2051)
61.14  (5307,2051)
63.14  (5481,2051)
65.14  (5655,2051)
67.14  (5829,2051)

01.16  (87,2351)
03.16  (261,2351)
05.16  (435,2351)
07.16  (609,2351)
09.16  (783,2351)
11.16  (957,2351)
13.16  (1131,2351)
15.16  (1305,2351)
17.16  (1479,2351)
19.16  (1653,2351)
21.16  (1827,2351)
23.16  (2001,2351)
25.16  (2175,2351)
27.16  (2349,2351)
29.16  (2523,2351)
31.16  (2697,2351)
33.16  (2871,2351)
35.16  (3045,2351)
37.16  (3219,2351)
39.16  (3393,2351)
41.16  (3567,2351)
43.16  (3741,2351)
45.16  (3915,2351)
47.16  (4089,2351)
49.16  (4263,2351)
51.16  (4437,2351)
53.16  (4611,2351)
55.16  (4785,2351)
57.16  (4959,2351)
59.16  (5133,2351)
61.16  (5307,2351)
63.16  (5481,2351)
65.16  (5655,2351)
67.16  (5829,2351)

01.18  (87,2651)
03.18  (261,2651)
05.18  (435,2651)
07.18  (609,2651)
09.18  (783,2651)
11.18  (957,2651)
13.18  (1131,2651)
15.18  (1305,2651)
17.18  (1479,2651)
19.18  (1653,2651)
21.18  (1827,2651)
23.18  (2001,2651)
25.18  (2175,2651)
27.18  (2349,2651)
29.18  (2523,2651)
31.18  (2697,2651)
33.18  (2871,2651)
35.18  (3045,2651)
37.18  (3219,2651)
39.18  (3393,2651)
41.18  (3567,2651)
43.18  (3741,2651)
45.18  (3915,2651)
47.18  (4089,2651)
49.18  (4263,2651)
51.18  (4437,2651)
53.18  (4611,2651)
55.18  (4785,2651)
57.18  (4959,2651)
59.18  (5133,2651)
61.18  (5307,2651)
63.18  (5481,2651)
65.18  (5655,2651)
67.18  (5829,2651)

01.20  (87,2951)
03.20  (261,2951)
05.20  (435,2951)
07.20  (609,2951)
09.20  (783,2951)
11.20  (957,2951)
13.20  (1131,2951)
15.20  (1305,2951)
17.20  (1479,2951)
19.20  (1653,2951)
21.20  (1827,2951)
23.20  (2001,2951)
25.20  (2175,2951)
27.20  (2349,2951)
29.20  (2523,2951)
31.20  (2697,2951)
33.20  (2871,2951)
35.20  (3045,2951)
37.20  (3219,2951)
39.20  (3393,2951)
41.20  (3567,2951)
43.20  (3741,2951)
45.20  (3915,2951)
47.20  (4089,2951)
49.20  (4263,2951)
51.20  (4437,2951)
53.20  (4611,2951)
55.20  (4785,2951)
57.20  (4959,2951)
59.20  (5133,2951)
61.20  (5307,2951)
63.20  (5481,2951)
65.20  (5655,2951)
67.20  (5829,2951)

01.22  (87,3251)
03.22  (261,3251)
05.22  (435,3251)
07.22  (609,3251)
09.22  (783,3251)
11.22  (957,3251)
13.22  (1131,3251)
15.22  (1305,3251)
17.22  (1479,3251)
19.22  (1653,3251)
21.22  (1827,3251)
23.22  (2001,3251)
25.22  (2175,3251)
27.22  (2349,3251)
29.22  (2523,3251)
31.22  (2697,3251)
33.22  (2871,3251)
35.22  (3045,3251)
37.22  (3219,3251)
39.22  (3393,3251)
41.22  (3567,3251)
43.22  (3741,3251)
45.22  (3915,3251)
47.22  (4089,3251)
49.22  (4263,3251)
51.22  (4437,3251)
53.22  (4611,3251)
55.22  (4785,3251)
57.22  (4959,3251)
59.22  (5133,3251)
61.22  (5307,3251)
63.22  (5481,3251)
65.22  (5655,3251)
67.22  (5829,3251)

01.24  (87,3551)
03.24  (261,3551)
05.24  (435,3551)
07.24  (609,3551)
09.24  (783,3551)
11.24  (957,3551)
13.24  (1131,3551)
15.24  (1305,3551)
17.24  (1479,3551)
19.24  (1653,3551)
21.24  (1827,3551)
23.24  (2001,3551)
25.24  (2175,3551)
27.24  (2349,3551)
29.24  (2523,3551)
31.24  (2697,3551)
33.24  (2871,3551)
35.24  (3045,3551)
37.24  (3219,3551)
39.24  (3393,3551)
41.24  (3567,3551)
43.24  (3741,3551)
45.24  (3915,3551)
47.24  (4089,3551)
49.24  (4263,3551)
51.24  (4437,3551)
53.24  (4611,3551)
55.24  (4785,3551)
57.24  (4959,3551)
59.24  (5133,3551)
61.24  (5307,3551)
63.24  (5481,3551)
65.24  (5655,3551)
67.24  (5829,3551)

01.26  (87,3851)
03.26  (261,3851)
05.26  (435,3851)
07.26  (609,3851)
09.26  (783,3851)
11.26  (957,3851)
13.26  (1131,3851)
15.26  (1305,3851)
17.26  (1479,3851)
19.26  (1653,3851)
21.26  (1827,3851)
23.26  (2001,3851)
25.26  (2175,3851)
27.26  (2349,3851)
29.26  (2523,3851)
31.26  (2697,3851)
33.26  (2871,3851)
35.26  (3045,3851)
37.26  (3219,3851)
39.26  (3393,3851)
41.26  (3567,3851)
43.26  (3741,3851)
45.26  (3915,3851)
47.26  (4089,3851)
49.26  (4263,3851)
51.26  (4437,3851)
53.26  (4611,3851)
55.26  (4785,3851)
57.26  (4959,3851)
59.26  (5133,3851)
61.26  (5307,3851)
63.26  (5481,3851)
65.26  (5655,3851)
67.26  (5829,3851)

01.28  (87,4151)
03.28  (261,4151)
05.28  (435,4151)
07.28  (609,4151)
09.28  (783,4151)
11.28  (957,4151)
13.28  (1131,4151)
15.28  (1305,4151)
17.28  (1479,4151)
19.28  (1653,4151)
21.28  (1827,4151)
23.28  (2001,4151)
25.28  (2175,4151)
27.28  (2349,4151)
29.28  (2523,4151)
31.28  (2697,4151)
33.28  (2871,4151)
35.28  (3045,4151)
37.28  (3219,4151)
39.28  (3393,4151)
41.28  (3567,4151)
43.28  (3741,4151)
45.28  (3915,4151)
47.28  (4089,4151)
49.28  (4263,4151)
51.28  (4437,4151)
53.28  (4611,4151)
55.28  (4785,4151)
57.28  (4959,4151)
59.28  (5133,4151)
61.28  (5307,4151)
63.28  (5481,4151)
65.28  (5655,4151)
67.28  (5829,4151)

01.30  (87,4451)
03.30  (261,4451)
05.30  (435,4451)
07.30  (609,4451)
09.30  (783,4451)
11.30  (957,4451)
13.30  (1131,4451)
15.30  (1305,4451)
17.30  (1479,4451)
19.30  (1653,4451)
21.30  (1827,4451)
23.30  (2001,4451)
25.30  (2175,4451)
27.30  (2349,4451)
29.30  (2523,4451)
31.30  (2697,4451)
33.30  (2871,4451)
35.30  (3045,4451)
37.30  (3219,4451)
39.30  (3393,4451)
41.30  (3567,4451)
43.30  (3741,4451)
45.30  (3915,4451)
47.30  (4089,4451)
49.30  (4263,4451)
51.30  (4437,4451)
53.30  (4611,4451)
55.30  (4785,4451)
57.30  (4959,4451)
59.30  (5133,4451)
61.30  (5307,4451)
63.30  (5481,4451)
65.30  (5655,4451)
67.30  (5829,4451)

01.32  (87,4751)
03.32  (261,4751)
05.32  (435,4751)
07.32  (609,4751)
09.32  (783,4751)
11.32  (957,4751)
13.32  (1131,4751)
15.32  (1305,4751)
17.32  (1479,4751)
19.32  (1653,4751)
21.32  (1827,4751)
23.32  (2001,4751)
25.32  (2175,4751)
27.32  (2349,4751)
29.32  (2523,4751)
31.32  (2697,4751)
33.32  (2871,4751)
35.32  (3045,4751)
37.32  (3219,4751)
39.32  (3393,4751)
41.32  (3567,4751)
43.32  (3741,4751)
45.32  (3915,4751)
47.32  (4089,4751)
49.32  (4263,4751)
51.32  (4437,4751)
53.32  (4611,4751)
55.32  (4785,4751)
57.32  (4959,4751)
59.32  (5133,4751)
61.32  (5307,4751)
63.32  (5481,4751)
65.32  (5655,4751)
67.32  (5829,4751)

01.34  (87,5051)
03.34  (261,5051)
05.34  (435,5051)
07.34  (609,5051)
09.34  (783,5051)
11.34  (957,5051)
13.34  (1131,5051)
15.34  (1305,5051)
17.34  (1479,5051)
19.34  (1653,5051)
21.34  (1827,5051)
23.34  (2001,5051)
25.34  (2175,5051)
27.34  (2349,5051)
29.34  (2523,5051)
31.34  (2697,5051)
33.34  (2871,5051)
35.34  (3045,5051)
37.34  (3219,5051)
39.34  (3393,5051)
41.34  (3567,5051)
43.34  (3741,5051)
45.34  (3915,5051)
47.34  (4089,5051)
49.34  (4263,5051)
51.34  (4437,5051)
53.34  (4611,5051)
55.34  (4785,5051)
57.34  (4959,5051)
59.34  (5133,5051)
61.34  (5307,5051)
63.34  (5481,5051)
65.34  (5655,5051)
67.34  (5829,5051)
